2.099825862372576429e-02
1.016259367234733681e-02
7.994678041049521275e-03
3.651020368232600708e-03
6.441135612123109755e-03
6.503746893893443126e-03
6.578097790995714872e-03
1.690504607799017721e-03
4.950204464967031606e-03
5.087166643839636723e-03
5.184996771605783483e-03
3.983642802637500646e-03
5.208476002269659365e-03
5.568490872449079719e-03
4.081472930403647406e-03
3.146216908959283132e-03
4.147997417284626613e-03
1.330489737619597367e-03
9.548220469975933445e-04
1.029172944099864982e-03
1.350055763172826762e-03
2.387055117493983361e-04
2.786202038779862777e-03
1.803987556007748041e-03
2.985775499422802133e-03
6.535052534778610679e-04
8.178598681249877938e-04
3.302745113385118295e-03
3.067952806746365550e-03
1.428319865385744127e-03
2.606194603690152600e-03
7.669882016865913876e-04
4.511925492574693670e-03
2.120957169970063769e-03
3.345790369602222487e-03
1.279618071181201069e-03
1.432233070496389963e-03
4.660627286779236295e-03
3.212741395840262772e-03
4.046254084407834017e-03
2.942730243205697507e-03
3.654933573343246977e-03
1.260052045627971674e-03
1.561368839147703842e-03
3.009254730086677581e-03
1.487017942045432313e-03
1.365708583615410105e-03
2.054432683089084128e-03
2.852726525660842418e-03
1.706157428241601281e-03
3.224481011172200713e-03
3.717544855113580782e-03
2.743156782562758151e-03
3.420141266704494233e-03
1.737463069126768183e-03
3.725371265334872454e-03
2.586628578136922988e-03
5.869807665968812104e-04
2.101391144416834590e-03
3.052299986303782207e-03
1.307010506955722136e-03
2.148349605744585052e-03
2.551409732141110033e-03
2.848813320550196582e-03
1.577021659590287402e-03
1.937036529769707973e-03
1.185701148525699928e-03
1.036999354321156653e-03
1.076131405427615444e-03
2.152262810855230888e-03
1.972255375765520711e-03
9.430824316656557290e-04
3.052299986303782207e-03
1.569195249368995730e-03
1.706157428241601281e-03
2.770549218337279001e-03
2.797941654111800285e-03
2.320530630613003558e-03
2.997515114754740074e-03
1.557455634037058006e-03
1.749202684458705907e-03
1.479191531824140642e-03
2.907511397209884552e-03
2.128783580191355874e-03
2.653153065017903062e-03
1.498757557377370037e-03
2.171828836408460500e-03
1.721810248684184841e-03
1.287444481402492740e-03
1.185701148525699928e-03
9.391692265550098933e-04
1.173961533193762421e-03
1.447885890938973522e-03
2.441839989043025766e-03
1.029172944099864982e-03
1.580934864700933237e-03
7.748146119078831674e-04
1.682678197577726050e-03
1.080044610538261280e-03
2.567062552583693810e-03
9.509088418869475088e-04
1.623980120918037864e-03
6.221996125926940570e-04
6.652448688097986835e-04
7.709014067972372233e-04
1.138742687197949466e-03
1.424406660275098291e-03
1.823553581560977436e-03
3.913205110645874736e-04
2.457492809485609109e-03
2.144436400633939217e-03
1.533976403373182775e-03
1.815727171339685765e-03
2.297051399949128544e-03
1.025259738989219146e-03
1.166135122972470533e-03
1.710070633352247117e-03
2.179655246629752172e-03
1.416580250053806620e-03
6.613316636991527393e-04
1.443972685828327687e-03
2.027040247314562844e-03
1.353968968283472598e-03
2.191394861961689679e-04
2.062259093310375799e-03
1.847032812224852667e-03
1.260052045627971674e-03
2.089651529084897083e-03
1.213093584300221130e-04
1.663112172024496654e-03
1.854859222446144556e-03
1.310923712066367972e-03
1.134829482087303630e-03
1.702244223130955445e-03
1.690504607799017721e-03
8.569919192314464761e-04
8.217730732356336295e-04
1.533976403373182775e-03
4.813242286094425622e-04
1.788334735565164698e-03
1.553542428926412170e-03
1.072218200316969608e-03
1.780508325343872810e-03
1.827466786671623489e-03
1.929210119548416084e-03
1.263965250738617509e-03
1.764855504901289467e-03
1.443972685828327687e-03
1.350055763172826762e-03
6.456788432565692881e-04
7.278561505801327053e-04
1.573108454479641566e-03
1.036999354321156653e-03
6.261128177033398927e-04
1.940949734880353808e-03
1.240486020074742278e-03
7.982938425717583985e-04
1.240486020074742278e-03
1.076131405427615444e-03
1.682678197577726158e-04
1.897904478663249182e-03
1.432233070496389963e-03
1.036999354321156653e-03
3.717544855113580782e-04
1.831379991782269324e-03
1.592674480032870961e-03
1.651372556692559147e-03
7.161165352481949813e-04
1.142655892308595302e-03
6.026335870394646617e-04
1.451799096049619358e-03
1.428319865385744127e-03
1.553542428926412170e-03
9.352560214443640576e-04
3.521884599581286829e-04
9.235164061124263336e-04
3.834941008432956938e-04
1.080044610538261280e-03
1.263965250738617509e-03
1.001780508325343915e-03
1.690504607799017721e-03
5.635015359330059793e-04
1.130916276976657794e-03
1.393101019389931389e-03
1.260052045627971674e-03
2.934903832984406052e-04
9.900408929934061911e-04
1.052652174763740213e-03
9.822144827721145197e-04
7.709014067972372233e-04
1.025259738989219146e-03
5.869807665968812104e-04
8.687315345633840917e-04
1.217006789410867047e-03
4.578449979455673311e-04
7.004637148056115301e-04
1.400927429611223060e-03
5.165430746052554088e-04
1.130916276976657794e-03
1.463538711381557082e-03
7.709014067972372233e-04
8.804711498953218156e-04
1.412667044943160784e-03
1.330489737619597421e-04
1.502670762488015873e-03
8.961239703379052669e-04
4.774110234987966723e-04
1.021346533878573310e-03
1.518323582930599215e-03
8.452523038995088606e-04
1.408753839832514732e-03
4.461053826136297156e-04
4.617582030562131668e-04
1.408753839832514732e-03
1.013520123657281422e-03
1.283531276291846905e-03
4.539317928349214412e-04
9.978673032146980794e-04
9.978673032146980794e-04
1.091784225870199004e-03
6.574184585885069036e-04
2.856639730771488254e-04
1.209180379189575159e-03
5.713279461542976508e-04
1.158308712751178861e-03
9.861276878827603554e-04
1.917470504216478469e-04
5.321958950478389684e-04
1.162221917861824697e-03
1.021346533878573310e-03
1.287444481402492740e-03
3.091432037410241107e-04
1.103523841202136511e-03
3.561016650687745728e-04
8.882975601166134870e-04
5.165430746052554088e-04
7.200297403588409254e-04
8.178598681249877938e-04
7.043769199162573658e-04
4.187129468391085946e-04
9.000371754485511568e-05
1.036999354321156653e-03
9.861276878827603554e-04
1.123089866755365906e-03
2.895771781877947153e-04
1.040912559431802706e-03
5.400223052691306399e-04
1.048738969653094377e-03
1.447885890938973522e-03
1.142655892308595302e-03
8.413390987888630249e-04
1.146569097419241137e-03
7.826410221291749472e-04
1.475278326713494589e-03
6.574184585885069036e-04
2.582715373026277044e-04
7.943806374611125628e-04
5.752411512649435949e-04
8.961239703379052669e-04
1.095697430980844839e-03
9.274296112230722778e-04
8.022070476824042342e-04
9.196032010017804979e-04
9.274296112230722778e-04
2.113130759748772151e-04
9.587352521082392887e-04
1.416580250053806620e-03
1.287444481402492740e-03
8.413390987888630249e-04
8.882975601166134870e-04
8.217730732356336295e-04
4.969770490520260134e-04
1.279618071181201069e-03
8.961239703379052669e-04
9.000371754485511026e-04
8.374258936782171892e-04
6.065467921501104974e-04
1.956602555322937368e-04
7.787278170185290031e-04
6.691580739204445192e-04
9.391692265550098933e-04
6.574184585885069036e-04
1.209180379189575159e-03
7.943806374611125628e-04
4.421921775029838257e-04
2.230526913068148578e-04
9.352560214443640576e-04
7.278561505801327053e-04
3.130564088516699464e-04
9.665616623295309601e-04
1.087871020759553168e-03
7.395957659120703208e-04
7.317693556907785410e-04
9.391692265550098933e-04
6.339392279246316726e-04
1.256138840517325621e-03
9.861276878827603554e-04
6.887240994736739145e-04
5.478487154904224197e-04
3.717544855113580782e-04
8.139466630143418497e-04
8.335126885675712451e-04
1.447885890938973576e-04
5.478487154904224197e-04
5.321958950478389684e-04
1.447885890938973576e-04
8.061202527930501783e-04
5.830675614862352663e-04
9.900408929934061911e-04
6.965505096949656944e-04
1.111350251423428399e-03
7.943806374611125628e-04
6.574184585885069036e-04
1.447885890938973576e-04
1.127003071866011959e-03
1.252225635406679785e-03
6.300260228139858368e-04
8.100334579036960140e-04
6.417656381459234524e-04
4.500185877242755513e-04
7.552485863546537720e-04
8.139466630143418497e-04
5.478487154904224197e-04
1.040912559431802706e-03
4.304525621710462101e-04
5.987203819288188259e-04
4.461053826136297156e-04
5.361091001584848042e-04
1.185701148525699928e-03
4.891506388307343420e-04
9.156899958911346622e-04
2.934903832984406052e-04
7.513353812440079363e-04
2.660979475239194842e-04
4.695846132775049466e-04
5.752411512649435949e-04
2.739243577452112098e-04
8.491655090101548047e-04
7.278561505801327053e-04
7.200297403588409254e-04
6.965505096949656944e-04
8.256862783462795737e-04
3.561016650687745728e-04
6.808976892523821347e-04
6.965505096949656944e-04
3.013167935197323308e-04
2.152262810855231051e-04
7.826410221291749472e-04
7.787278170185290031e-04
2.465319219706900889e-04
3.561016650687745728e-04
6.848108943630280788e-04
1.029172944099864982e-03
2.856639730771488254e-04
5.087166643839637374e-04
7.787278170185290031e-04
6.652448688097986835e-04
9.900408929934061911e-04
7.356825608014243767e-04
7.630749965759455519e-04
4.891506388307343420e-04
9.939540981040520268e-04
5.948071768181728818e-04
5.439355103797765840e-04
8.413390987888630249e-04
8.256862783462795737e-04
5.321958950478389684e-04
1.565282044258349732e-04
6.339392279246316726e-04
6.691580739204445192e-04
2.895771781877947153e-04
1.072218200316969608e-03
6.691580739204445192e-04
5.478487154904224197e-04
9.117767907804887181e-04
7.552485863546537720e-04
4.578449979455673311e-04
3.834941008432956938e-04
5.595883308223600352e-04
5.361091001584848042e-04
7.004637148056115301e-04
8.765579447846758715e-04
2.034866657535854624e-04
7.904674323504666186e-04
9.587352521082392887e-04
6.378524330352775083e-04
7.982938425717583985e-04
7.982938425717583985e-04
6.730712790310904633e-04
8.961239703379052669e-04
4.343657672816920458e-04
8.922107652272594312e-04
4.226261519497544303e-04
9.235164061124263336e-04
6.848108943630280788e-04
4.187129468391085946e-04
5.635015359330059793e-04
5.987203819288188259e-04
7.943806374611125628e-04
9.978673032146980794e-04
6.652448688097986835e-04
8.687315345633840917e-04
7.904674323504666186e-04
8.100334579036960140e-04
7.004637148056115301e-04
8.843843550059676513e-04
4.813242286094425622e-04
4.265393570604003202e-04
3.208828190729617262e-04
4.539317928349214412e-04
6.652448688097986835e-04
6.339392279246316726e-04
8.061202527930501783e-04
7.943806374611125628e-04
3.874073059539415837e-04
7.982938425717583985e-04
9.039503805591970467e-04
6.691580739204445192e-04
5.478487154904224197e-04
4.304525621710462101e-04
9.000371754485511026e-04
8.491655090101548047e-04
2.269658964174607206e-04
2.856639730771488254e-04
4.187129468391085946e-04
3.365356395155452316e-04
4.343657672816920458e-04
9.822144827721145197e-04
2.269658964174607206e-04
7.826410221291749472e-04
6.300260228139858368e-04
5.126298694946095731e-04
1.643546146471267259e-04
7.630749965759455519e-04
4.147997417284627047e-04
3.013167935197323308e-04
7.865542272398207829e-04
5.243694848265471886e-04
5.361091001584848042e-04
5.048034592733177933e-04
4.578449979455673311e-04
2.856639730771488254e-04
2.347923066387524733e-04
9.587352521082392887e-04
7.200297403588409254e-04
7.122033301375491456e-04
6.535052534778610679e-04
2.152262810855231051e-04
2.347923066387524733e-04
4.695846132775049602e-05
5.282826899371930243e-04
1.013520123657281422e-03
6.026335870394646617e-04
6.535052534778610679e-04
6.691580739204445192e-04
5.243694848265471886e-04
5.635015359330059793e-04
1.025259738989219146e-03
9.078635856698428824e-04
5.439355103797765840e-04
5.321958950478389684e-04
5.400223052691306399e-04
7.278561505801327053e-04
7.356825608014243767e-04
7.356825608014243767e-04
8.100334579036960140e-04
3.013167935197323308e-04
6.574184585885069036e-04
3.326224344048993417e-04
7.239429454694867611e-04
4.774110234987966723e-04
8.452523038995088606e-04
7.082901250269033099e-04
6.730712790310904633e-04
6.261128177033398927e-04
6.456788432565692881e-04
6.887240994736739145e-04
6.417656381459234524e-04
3.795808957326498039e-04
7.200297403588409254e-04
5.204562797159013529e-04
1.005693713435989751e-03
5.361091001584848042e-04
6.887240994736739145e-04
5.556751257117141995e-04
5.087166643839637374e-04
7.904674323504666186e-04
6.026335870394646617e-04
4.382789723923379357e-04
8.413390987888630249e-04
7.748146119078831674e-04
7.748146119078831674e-04
3.991469212858791992e-04
7.474221761333619922e-04
7.200297403588409254e-04
2.974035884090864409e-04
6.026335870394646617e-04
4.187129468391085946e-04
4.304525621710462101e-04
3.678412804007121883e-04
1.995734606429395996e-04
8.609051243420923932e-05
3.834941008432956938e-04
5.126298694946095731e-04
8.256862783462795737e-04
2.700111526345653199e-04
5.674147410436518151e-04
4.500185877242755513e-04
5.791543563755894306e-04
3.443620497368369573e-04
4.187129468391085946e-04
4.539317928349214412e-04
6.143732023714022772e-04
3.600148701794204627e-04
3.287092292942534518e-04
4.382789723923379357e-04
3.874073059539415837e-04
2.504451270813359788e-04
2.621847424132735943e-04
6.574184585885069036e-04
1.682678197577726158e-04
6.182864074820482213e-04
5.204562797159013529e-04
6.456788432565692881e-04
6.730712790310904633e-04
9.391692265550099204e-05
4.304525621710462101e-04
8.217730732356336295e-04
4.774110234987966723e-04
1.995734606429395996e-04
7.122033301375491456e-04
2.230526913068148578e-04
5.556751257117141995e-04
1.956602555322937165e-05
7.943806374611125628e-04
3.052299986303782207e-04
3.991469212858791992e-04
3.639280752900663526e-04
7.004637148056115301e-04
7.552485863546537720e-04
2.778375628558570998e-04
7.591617914652996077e-04
7.043769199162574742e-05
6.574184585885069036e-04
3.756676906220039682e-04
6.261128177033398927e-04
5.869807665968812104e-04
5.791543563755894306e-04
6.065467921501104974e-04
6.691580739204445192e-04
2.582715373026277044e-04
3.130564088516699464e-04
8.452523038995088606e-04
4.617582030562131668e-04
5.752411512649435949e-04
1.095697430980844839e-04
4.421921775029838257e-04
5.908939717075270461e-04
3.991469212858791992e-04
5.439355103797765840e-04
5.243694848265471886e-04
3.130564088516699464e-04
6.300260228139858368e-04
4.852374337200884521e-04
1.447885890938973576e-04
6.026335870394646617e-04
5.478487154904224197e-04
6.652448688097987106e-05
2.778375628558570998e-04
4.030601263965250891e-04
3.874073059539415837e-04
1.760942299790643414e-04
1.330489737619597421e-04
2.465319219706900889e-04
3.717544855113580782e-04
6.808976892523821347e-04
4.852374337200884521e-04
3.561016650687745728e-04
1.565282044258349732e-04
7.317693556907785410e-04
4.500185877242755513e-04
5.674147410436518151e-04
7.200297403588409254e-04
3.834941008432956938e-04
2.347923066387524733e-04
4.656714081668590567e-04
7.474221761333619922e-04
6.065467921501104974e-04
7.200297403588409254e-04
5.008902541626719575e-04
5.869807665968812104e-04
5.948071768181728818e-04
3.247960241836075619e-04
4.578449979455673311e-04
7.787278170185290031e-04
4.069733315071709248e-04
2.778375628558570998e-04
5.635015359330059793e-04
7.474221761333619922e-04
7.943806374611125628e-04
4.969770490520260134e-04
4.695846132775049602e-05
3.443620497368369573e-04
7.787278170185290031e-04
6.456788432565692881e-04
5.321958950478389684e-04
7.435089710227161565e-04
3.678412804007121883e-04
5.400223052691306399e-04
4.343657672816920458e-04
3.365356395155452316e-04
5.008902541626719575e-04
3.404488446261910673e-04
4.500185877242755513e-04
3.443620497368369573e-04
3.991469212858791992e-04
3.091432037410241107e-04
6.182864074820482213e-04
2.582715373026277044e-04
6.143732023714022772e-04
5.830675614862352663e-04
1.565282044258349867e-05
5.087166643839636561e-05
1.839206402003560942e-04
8.061202527930501783e-04
3.482752548474828472e-04
4.421921775029838257e-04
3.952337161752333093e-04
1.134829482087303603e-04
3.913205110645874736e-04
6.808976892523821347e-04
1.213093584300221130e-04
4.030601263965250891e-04
6.730712790310904633e-04
6.417656381459234524e-04
3.913205110645874736e-04
6.221996125926940570e-04
3.756676906220039682e-04
7.826410221291748659e-05
5.869807665968812104e-04
3.913205110645874668e-06
3.521884599581287371e-05
6.652448688097987106e-05
3.874073059539415837e-04
2.034866657535854624e-04
3.756676906220039682e-04
3.600148701794204627e-04
3.991469212858791992e-04
4.695846132775049602e-05
4.187129468391085946e-04
2.034866657535854624e-04
1.956602555322937368e-04
2.739243577452112098e-04
2.426187168600442260e-04
4.852374337200884521e-04
5.243694848265471886e-04
2.347923066387524801e-05
3.639280752900663526e-04
6.887240994736739145e-04
4.695846132775049466e-04
3.130564088516699464e-04
3.013167935197323308e-04
6.378524330352775083e-04
4.656714081668590567e-04
4.930638439413801777e-04
3.052299986303782207e-04
4.030601263965250891e-04
4.695846132775049466e-04
3.834941008432956938e-04
3.521884599581286829e-04
4.461053826136297156e-04
4.656714081668590567e-04
6.691580739204445192e-04
4.852374337200884521e-04
2.191394861961689679e-04
4.617582030562131668e-04
4.891506388307343420e-04
4.930638439413801777e-04
9.000371754485511568e-05
5.243694848265471886e-04
2.387055117493983361e-04
5.400223052691306399e-04
4.539317928349214412e-04
6.261128177033398927e-04
3.991469212858791992e-04
1.604414095364808631e-04
3.365356395155452316e-04
5.204562797159013529e-04
7.435089710227161023e-05
3.834941008432956938e-04
3.208828190729617262e-04
1.956602555322937368e-04
3.913205110645874736e-04
6.417656381459234524e-04
5.204562797159013529e-04
2.504451270813359788e-04
6.417656381459234524e-04
7.826410221291748659e-05
3.756676906220039682e-04
3.091432037410241107e-04
3.482752548474828472e-04
4.813242286094425622e-04
5.556751257117141995e-04
6.182864074820482213e-04
1.917470504216478469e-04
3.365356395155452316e-04
3.326224344048993417e-04
3.482752548474828472e-04
1.995734606429395996e-04
1.134829482087303603e-04
3.091432037410241107e-04
4.304525621710462101e-04
3.913205110645874736e-04
4.304525621710462101e-04
3.561016650687745728e-04
3.913205110645874330e-05
4.500185877242755513e-04
2.347923066387524733e-04
1.956602555322937368e-04
5.948071768181728818e-04
3.639280752900663526e-04
2.660979475239194842e-04
7.904674323504666186e-04
3.991469212858791992e-04
5.556751257117141995e-04
2.817507679665029897e-04
2.856639730771488254e-04
4.421921775029838257e-04
4.774110234987966723e-04
5.087166643839637374e-04
5.126298694946095731e-04
6.652448688097987106e-05
4.969770490520260134e-04
2.543583321919818687e-04
4.382789723923379357e-04
3.404488446261910673e-04
4.226261519497544303e-04
2.465319219706900889e-04
3.365356395155452316e-04
5.595883308223600352e-04
3.482752548474828472e-04
4.813242286094425622e-04
2.974035884090864409e-04
1.134829482087303603e-04
4.461053826136297156e-04
3.052299986303782207e-04
2.230526913068148578e-04
5.165430746052554088e-04
2.621847424132735943e-04
5.908939717075270461e-04
2.387055117493983361e-04
4.187129468391085946e-04
1.800074350897102314e-04
4.343657672816920458e-04
3.052299986303782207e-04
4.265393570604003202e-04
2.621847424132735943e-04
1.995734606429395996e-04
1.056565379874386076e-04
1.956602555322937368e-04
3.834941008432956938e-04
4.108865366178168148e-04
4.617582030562131668e-04
3.169696139623158363e-04
4.578449979455673311e-04
3.482752548474828472e-04
6.769844841417362990e-04
5.987203819288188259e-04
9.391692265550099204e-05
3.404488446261910673e-04
3.404488446261910673e-04
5.400223052691306399e-04
3.247960241836075619e-04
2.543583321919818687e-04
3.913205110645874668e-06
1.956602555322937368e-04
3.443620497368369573e-04
1.369621788726056049e-04
5.595883308223600352e-04
2.934903832984406052e-04
3.756676906220039682e-04
3.639280752900663526e-04
3.287092292942534518e-04
1.173961533193762401e-05
2.817507679665029897e-04
2.778375628558570998e-04
2.621847424132735943e-04
2.700111526345653199e-04
2.817507679665029897e-04
1.682678197577726158e-04
2.739243577452112098e-04
4.265393570604003202e-04
2.230526913068148578e-04
1.447885890938973576e-04
2.621847424132735943e-04
2.152262810855231051e-04
4.617582030562131668e-04
3.404488446261910673e-04
3.874073059539415837e-04
2.543583321919818687e-04
3.326224344048993417e-04
3.834941008432956938e-04
2.778375628558570998e-04
5.791543563755894306e-04
3.482752548474828472e-04
1.839206402003560942e-04
3.991469212858791992e-04
5.204562797159013529e-04
4.500185877242755513e-04
4.539317928349214412e-04
2.974035884090864409e-04
5.478487154904224197e-04
2.700111526345653199e-04
4.578449979455673311e-04
4.656714081668590567e-04
5.087166643839637374e-04
2.504451270813359788e-04
3.013167935197323308e-04
6.221996125926940570e-04
2.191394861961689679e-04
4.030601263965250891e-04
4.069733315071709248e-04
2.230526913068148578e-04
1.330489737619597421e-04
2.778375628558570998e-04
3.130564088516699464e-04
3.521884599581286829e-04
2.034866657535854624e-04
2.974035884090864409e-04
4.421921775029838257e-04
5.008902541626719575e-04
3.208828190729617262e-04
3.834941008432956938e-04
1.956602555322937368e-04
3.130564088516699464e-04
4.343657672816920458e-04
2.700111526345653199e-04
3.013167935197323308e-04
3.991469212858791992e-04
3.443620497368369573e-04
1.760942299790643414e-04
1.721810248684184786e-04
5.321958950478389684e-04
2.034866657535854624e-04
2.504451270813359788e-04
4.461053826136297156e-04
4.304525621710462101e-04
3.443620497368369573e-04
2.347923066387524733e-04
4.030601263965250891e-04
2.660979475239194842e-04
2.543583321919818687e-04
4.461053826136297156e-04
4.265393570604003202e-04
3.561016650687745728e-04
5.908939717075270461e-04
1.839206402003560942e-04
3.521884599581286829e-04
5.361091001584848042e-04
4.265393570604003202e-04
3.756676906220039682e-04
3.678412804007121883e-04
2.778375628558570998e-04
3.287092292942534518e-04
1.760942299790643414e-04
4.147997417284627047e-04
3.130564088516699464e-04
2.387055117493983361e-04
3.717544855113580782e-04
2.269658964174607206e-04
1.447885890938973576e-04
3.834941008432956938e-04
2.465319219706900889e-04
7.826410221291749337e-06
3.913205110645874668e-06
7.043769199162573658e-04
3.326224344048993417e-04
4.734978183881508366e-04
4.891506388307343420e-04
4.695846132775049466e-04
1.917470504216478469e-04
4.774110234987966723e-04
9.783012776614686840e-05
1.643546146471267259e-04
4.147997417284627047e-04
6.652448688097987106e-05
1.408753839832514948e-04
1.760942299790643414e-04
5.087166643839636561e-05
2.700111526345653199e-04
5.282826899371930243e-04
5.282826899371930243e-04
3.913205110645874668e-06
2.700111526345653199e-04
3.913205110645874668e-06
3.639280752900663526e-04
3.443620497368369573e-04
3.756676906220039682e-04
2.073998708642313523e-04
2.700111526345653199e-04
3.482752548474828472e-04
4.774110234987966723e-04
3.717544855113580782e-04
1.017433328767927312e-04
2.543583321919818687e-04
1.134829482087303603e-04
1.800074350897102314e-04
3.443620497368369573e-04
3.287092292942534518e-04
3.247960241836075619e-04
4.891506388307343420e-04
4.147997417284627047e-04
2.543583321919818687e-04
4.147997417284627047e-04
2.817507679665029897e-04
6.261128177033399469e-05
4.226261519497544303e-04
4.852374337200884521e-04
2.817507679665029897e-04
3.678412804007121883e-04
3.834941008432956938e-04
1.878338453110019841e-04
3.561016650687745728e-04
2.230526913068148578e-04
2.191394861961689679e-04
3.952337161752333093e-04
2.504451270813359788e-04
2.034866657535854624e-04
2.230526913068148578e-04
4.147997417284627047e-04
3.287092292942534518e-04
2.347923066387524733e-04
2.504451270813359788e-04
4.695846132775049602e-05
4.382789723923379357e-04
2.113130759748772151e-04
5.948071768181728818e-04
2.817507679665029897e-04
4.891506388307343420e-04
1.956602555322937368e-04
1.252225635406679894e-04
3.913205110645874668e-06
2.269658964174607206e-04
3.365356395155452316e-04
2.073998708642313523e-04
2.660979475239194842e-04
2.660979475239194842e-04
3.247960241836075619e-04
8.217730732356336295e-05
4.695846132775049602e-05
3.247960241836075619e-04
7.826410221291748659e-05
1.995734606429395996e-04
3.913205110645874330e-05
3.482752548474828472e-04
3.091432037410241107e-04
2.073998708642313523e-04
7.826410221291749337e-06
2.230526913068148578e-04
3.639280752900663526e-04
3.013167935197323308e-04
4.539317928349214412e-04
2.582715373026277044e-04
4.421921775029838257e-04
1.487017942045432205e-04
4.539317928349214412e-04
1.721810248684184786e-04
2.191394861961689679e-04
2.152262810855231051e-04
2.347923066387524733e-04
4.108865366178168148e-04
3.013167935197323308e-04
4.421921775029838257e-04
2.308791015281065834e-04
4.265393570604003202e-04
2.660979475239194842e-04
3.326224344048993417e-04
2.778375628558570998e-04
1.956602555322937368e-04
1.917470504216478469e-04
2.817507679665029897e-04
4.187129468391085946e-04
3.756676906220039682e-04
4.734978183881508366e-04
2.778375628558570998e-04
3.717544855113580782e-04
4.265393570604003202e-04
2.660979475239194842e-04
9.783012776614686840e-05
2.269658964174607206e-04
1.447885890938973576e-04
1.134829482087303603e-04
2.621847424132735943e-04
2.426187168600442260e-04
1.330489737619597421e-04
3.561016650687745728e-04
1.369621788726056049e-04
2.465319219706900889e-04
3.952337161752333093e-04
3.952337161752333093e-04
4.578449979455673311e-04
2.739243577452112098e-05
2.230526913068148578e-04
2.700111526345653199e-04
3.247960241836075619e-04
4.695846132775049602e-05
3.287092292942534518e-04
2.113130759748772151e-04
1.995734606429395996e-04
1.487017942045432205e-04
1.956602555322937165e-05
2.974035884090864409e-04
2.621847424132735943e-04
1.291357686513138522e-04
3.130564088516699464e-04
3.639280752900663526e-04
2.269658964174607206e-04
4.539317928349214412e-04
4.461053826136297156e-04
3.561016650687745728e-04
3.913205110645874330e-05
1.917470504216478469e-04
2.660979475239194842e-04
4.382789723923379357e-04
2.739243577452112098e-04
3.991469212858791992e-04
3.208828190729617262e-04
1.721810248684184786e-04
1.487017942045432205e-04
2.934903832984406052e-04
1.995734606429395996e-04
2.543583321919818687e-04
3.326224344048993417e-04
2.621847424132735943e-04
1.956602555322937368e-04
2.426187168600442260e-04
2.582715373026277044e-04
4.656714081668590567e-04
1.878338453110019841e-04
2.152262810855231051e-04
3.013167935197323308e-04
2.856639730771488254e-04
3.795808957326498039e-04
1.604414095364808631e-04
1.878338453110019841e-04
1.134829482087303603e-04
1.095697430980844839e-04
2.621847424132735943e-04
5.478487154904224197e-05
1.878338453110019841e-04
2.504451270813359788e-04
1.839206402003560942e-04
2.660979475239194842e-04
2.230526913068148578e-04
2.113130759748772151e-04
1.134829482087303603e-04
1.800074350897102314e-04
1.408753839832514948e-04
1.173961533193762367e-04
3.991469212858791992e-04
2.895771781877947153e-04
3.952337161752333093e-04
2.504451270813359788e-04
2.660979475239194842e-04
2.113130759748772151e-04
2.347923066387524801e-05
3.521884599581287371e-05
2.778375628558570998e-04
2.426187168600442260e-04
2.426187168600442260e-04
2.856639730771488254e-04
2.152262810855231051e-04
2.621847424132735943e-04
1.839206402003560942e-04
1.408753839832514948e-04
1.760942299790643414e-04
1.721810248684184786e-04
2.739243577452112098e-05
2.739243577452112098e-04
2.504451270813359788e-04
2.113130759748772151e-04
3.169696139623158363e-04
7.435089710227161023e-05
3.052299986303782207e-04
1.330489737619597421e-04
7.826410221291748659e-05
3.052299986303782207e-04
2.543583321919818687e-04
2.191394861961689679e-04
8.609051243420923932e-05
7.826410221291748659e-05
3.834941008432956938e-04
3.991469212858791992e-04
1.252225635406679894e-04
1.682678197577726158e-04
3.913205110645874668e-06
1.252225635406679894e-04
1.917470504216478469e-04
5.478487154904224197e-05
3.247960241836075619e-04
3.404488446261910673e-04
1.408753839832514948e-04
3.052299986303782207e-04
2.034866657535854624e-04
6.261128177033399469e-05
1.839206402003560942e-04
2.974035884090864409e-04
2.191394861961689679e-04
2.113130759748772151e-04
3.052299986303782207e-04
2.739243577452112098e-04
2.660979475239194842e-04
2.347923066387524733e-04
2.230526913068148578e-04
1.213093584300221130e-04
2.308791015281065834e-04
8.609051243420923932e-05
2.621847424132735943e-04
8.609051243420923932e-05
2.739243577452112098e-04
5.478487154904224197e-05
2.073998708642313523e-04
6.261128177033399469e-05
2.387055117493983361e-04
2.621847424132735943e-04
4.226261519497544303e-04
1.487017942045432205e-04
3.169696139623158363e-04
2.034866657535854624e-04
1.134829482087303603e-04
3.052299986303782207e-04
2.387055117493983361e-04
2.465319219706900889e-04
1.173961533193762367e-04
2.856639730771488254e-04
3.404488446261910673e-04
2.073998708642313523e-04
3.443620497368369573e-04
1.995734606429395996e-04
2.660979475239194842e-04
2.543583321919818687e-04
3.795808957326498039e-04
7.826410221291749337e-06
1.878338453110019841e-04
2.895771781877947153e-04
2.504451270813359788e-04
1.291357686513138522e-04
2.856639730771488254e-04
1.682678197577726158e-04
2.817507679665029897e-04
1.760942299790643414e-04
3.287092292942534518e-04
2.113130759748772151e-04
1.643546146471267259e-04
2.152262810855231051e-04
2.347923066387524733e-04
1.760942299790643414e-04
2.426187168600442260e-04
2.269658964174607206e-04
1.995734606429395996e-04
3.130564088516699464e-04
1.173961533193762401e-05
2.895771781877947153e-04
2.191394861961689679e-04
3.561016650687745728e-04
1.721810248684184786e-04
2.543583321919818687e-04
1.213093584300221130e-04
2.582715373026277044e-04
2.934903832984406052e-04
1.760942299790643414e-04
9.000371754485511568e-05
3.052299986303782207e-04
3.913205110645874330e-05
1.330489737619597421e-04
2.113130759748772151e-04
1.760942299790643414e-04
3.365356395155452316e-04
3.169696139623158363e-04
2.700111526345653199e-04
1.878338453110019841e-04
3.443620497368369573e-04
1.408753839832514948e-04
3.208828190729617262e-04
3.521884599581286829e-04
2.269658964174607206e-04
9.000371754485511568e-05
3.208828190729617262e-04
4.695846132775049466e-04
3.913205110645874736e-04
3.326224344048993417e-04
1.095697430980844839e-04
1.800074350897102314e-04
2.113130759748772151e-04
1.526149993151891104e-04
1.056565379874386076e-04
1.565282044258349867e-05
3.365356395155452316e-04
2.778375628558570998e-04
2.387055117493983361e-04
1.917470504216478469e-04
1.408753839832514948e-04
2.504451270813359788e-04
2.113130759748772151e-04
2.387055117493983361e-04
3.287092292942534518e-04
3.913205110645874668e-06
3.326224344048993417e-04
3.913205110645874668e-06
2.426187168600442260e-04
2.895771781877947153e-04
2.230526913068148578e-04
1.721810248684184786e-04
1.565282044258349732e-04
2.230526913068148578e-04
1.995734606429395996e-04
1.252225635406679894e-04
2.387055117493983361e-04
2.230526913068148578e-04
4.343657672816920458e-04
2.856639730771488254e-04
3.091432037410241107e-04
7.826410221291748659e-05
1.487017942045432205e-04
1.760942299790643414e-04
2.621847424132735943e-04
3.913205110645874330e-05
1.839206402003560942e-04
2.426187168600442260e-04
2.230526913068148578e-04
3.913205110645874668e-06
8.217730732356336295e-05
1.682678197577726158e-04
2.073998708642313523e-04
2.387055117493983361e-04
1.878338453110019841e-04
2.230526913068148578e-04
1.252225635406679894e-04
6.652448688097987106e-05
2.739243577452112098e-05
2.778375628558570998e-04
2.073998708642313523e-04
1.917470504216478469e-04
1.956602555322937368e-04
1.917470504216478469e-04
2.347923066387524801e-05
2.817507679665029897e-04
1.252225635406679894e-04
2.856639730771488254e-04
2.739243577452112098e-04
1.487017942045432205e-04
3.208828190729617262e-04
2.113130759748772151e-04
1.643546146471267259e-04
2.034866657535854624e-04
3.247960241836075619e-04
1.565282044258349867e-05
1.604414095364808631e-04
1.956602555322937368e-04
2.269658964174607206e-04
1.839206402003560942e-04
2.113130759748772151e-04
1.760942299790643414e-04
2.974035884090864409e-04
1.487017942045432205e-04
2.152262810855231051e-04
1.252225635406679894e-04
1.017433328767927312e-04
2.660979475239194842e-04
3.521884599581287371e-05
2.230526913068148578e-04
2.308791015281065834e-04
2.347923066387524733e-04
1.604414095364808631e-04
2.778375628558570998e-04
3.208828190729617262e-04
1.682678197577726158e-04
3.052299986303782207e-04
3.913205110645874330e-05
1.956602555322937368e-04
2.660979475239194842e-04
4.187129468391085946e-04
1.995734606429395996e-04
2.817507679665029897e-04
2.113130759748772151e-04
2.308791015281065834e-04
2.660979475239194842e-04
3.052299986303782207e-04
1.643546146471267259e-04
3.169696139623158363e-04
1.134829482087303603e-04
6.261128177033399469e-05
1.721810248684184786e-04
9.000371754485511568e-05
1.878338453110019841e-04
1.721810248684184786e-04
2.660979475239194842e-04
9.391692265550099204e-05
3.913205110645874668e-06
1.800074350897102314e-04
3.913205110645874668e-06
1.526149993151891104e-04
1.173961533193762367e-04
7.435089710227161023e-05
2.895771781877947153e-04
3.482752548474828472e-04
8.609051243420923932e-05
1.760942299790643414e-04
2.230526913068148578e-04
2.426187168600442260e-04
1.878338453110019841e-04
2.543583321919818687e-04
1.878338453110019841e-04
7.826410221291748659e-05
2.778375628558570998e-04
1.447885890938973576e-04
2.543583321919818687e-04
6.652448688097987106e-05
1.487017942045432205e-04
2.543583321919818687e-04
8.217730732356336295e-05
3.130564088516699464e-04
3.130564088516699464e-04
1.369621788726056049e-04
2.387055117493983361e-04
2.308791015281065834e-04
1.760942299790643414e-04
1.682678197577726158e-04
1.173961533193762367e-04
1.760942299790643414e-04
2.387055117493983361e-04
3.052299986303782207e-04
1.291357686513138522e-04
3.052299986303782207e-04
2.152262810855231051e-04
1.056565379874386076e-04
2.387055117493983361e-04
2.856639730771488254e-04
2.034866657535854624e-04
1.956602555322937368e-04
8.217730732356336295e-05
5.087166643839636561e-05
1.565282044258349732e-04
2.073998708642313523e-04
1.643546146471267259e-04
8.217730732356336295e-05
2.191394861961689679e-04
1.487017942045432205e-04
1.800074350897102314e-04
2.543583321919818687e-04
2.152262810855231051e-04
2.230526913068148578e-04
2.543583321919818687e-04
2.230526913068148578e-04
2.347923066387524733e-04
2.347923066387524733e-04
1.956602555322937368e-04
3.130564088516699464e-04
1.839206402003560942e-04
1.682678197577726158e-04
1.447885890938973576e-04
2.582715373026277044e-04
5.869807665968811833e-05
1.487017942045432205e-04
2.895771781877947153e-04
5.478487154904224197e-05
2.856639730771488254e-04
1.565282044258349732e-04
1.291357686513138522e-04
2.347923066387524733e-04
1.760942299790643414e-04
2.191394861961689679e-04
2.152262810855231051e-04
1.604414095364808631e-04
1.526149993151891104e-04
1.017433328767927312e-04
6.652448688097987106e-05
1.369621788726056049e-04
2.778375628558570998e-04
1.173961533193762367e-04
1.917470504216478469e-04
3.169696139623158363e-04
2.856639730771488254e-04
1.995734606429395996e-04
2.856639730771488254e-04
1.604414095364808631e-04
1.330489737619597421e-04
2.073998708642313523e-04
1.839206402003560942e-04
2.347923066387524733e-04
1.487017942045432205e-04
2.152262810855231051e-04
7.826410221291748659e-05
2.934903832984406052e-04
8.609051243420923932e-05
1.017433328767927312e-04
1.017433328767927312e-04
2.034866657535854624e-04
1.956602555322937368e-04
7.435089710227161023e-05
8.609051243420923932e-05
2.347923066387524801e-05
1.017433328767927312e-04
5.478487154904224197e-05
1.800074350897102314e-04
1.956602555322937368e-04
1.643546146471267259e-04
2.974035884090864409e-04
2.856639730771488254e-04
9.000371754485511568e-05
1.760942299790643414e-04
2.191394861961689679e-04
1.134829482087303603e-04
1.213093584300221130e-04
5.087166643839636561e-05
1.526149993151891104e-04
1.056565379874386076e-04
2.660979475239194842e-04
9.000371754485511568e-05
7.435089710227161023e-05
1.408753839832514948e-04
2.308791015281065834e-04
1.408753839832514948e-04
1.721810248684184786e-04
1.487017942045432205e-04
3.913205110645874668e-06
4.695846132775049602e-05
1.878338453110019841e-04
3.013167935197323308e-04
5.478487154904224197e-05
1.721810248684184786e-04
1.526149993151891104e-04
2.113130759748772151e-04
4.695846132775049602e-05
8.217730732356336295e-05
1.291357686513138522e-04
1.252225635406679894e-04
1.839206402003560942e-04
2.426187168600442260e-04
1.408753839832514948e-04
2.621847424132735943e-04
1.643546146471267259e-04
2.308791015281065834e-04
1.134829482087303603e-04
3.013167935197323308e-04
2.504451270813359788e-04
1.956602555322937368e-04
2.426187168600442260e-04
2.543583321919818687e-04
4.695846132775049602e-05
1.291357686513138522e-04
1.408753839832514948e-04
9.000371754485511568e-05
2.465319219706900889e-04
2.073998708642313523e-04
6.261128177033399469e-05
2.465319219706900889e-04
2.817507679665029897e-04
2.856639730771488254e-04
1.134829482087303603e-04
1.291357686513138522e-04
3.913205110645874330e-05
2.504451270813359788e-04
1.408753839832514948e-04
1.447885890938973576e-04
2.543583321919818687e-04
2.034866657535854624e-04
2.739243577452112098e-04
3.913205110645874668e-06
6.652448688097987106e-05
2.113130759748772151e-04
2.387055117493983361e-04
1.565282044258349732e-04
2.582715373026277044e-04
1.447885890938973576e-04
2.426187168600442260e-04
2.034866657535854624e-04
2.230526913068148578e-04
1.643546146471267259e-04
1.721810248684184786e-04
4.304525621710461966e-05
1.447885890938973576e-04
1.526149993151891104e-04
5.478487154904224197e-05
2.034866657535854624e-04
2.269658964174607206e-04
1.721810248684184786e-04
7.435089710227161023e-05
2.269658964174607206e-04
1.995734606429395996e-04
2.308791015281065834e-04
1.760942299790643414e-04
9.391692265550099204e-05
1.682678197577726158e-04
1.408753839832514948e-04
5.087166643839636561e-05
2.543583321919818687e-04
1.643546146471267259e-04
2.426187168600442260e-04
1.526149993151891104e-04
8.217730732356336295e-05
4.304525621710461966e-05
2.191394861961689679e-04
1.369621788726056049e-04
1.056565379874386076e-04
2.152262810855231051e-04
2.113130759748772151e-04
9.000371754485511568e-05
1.565282044258349732e-04
2.660979475239194842e-04
9.000371754485511568e-05
1.839206402003560942e-04
2.034866657535854624e-04
4.304525621710461966e-05
8.609051243420923932e-05
2.543583321919818687e-04
2.660979475239194842e-04
1.408753839832514948e-04
1.760942299790643414e-04
1.800074350897102314e-04
2.347923066387524801e-05
7.826410221291749337e-06
2.308791015281065834e-04
5.478487154904224197e-05
1.565282044258349732e-04
2.034866657535854624e-04
4.304525621710461966e-05
1.447885890938973576e-04
9.000371754485511568e-05
1.995734606429395996e-04
2.347923066387524801e-05
1.369621788726056049e-04
2.073998708642313523e-04
1.291357686513138522e-04
1.487017942045432205e-04
1.995734606429395996e-04
7.043769199162574742e-05
2.034866657535854624e-04
1.956602555322937368e-04
1.760942299790643414e-04
1.213093584300221130e-04
2.034866657535854624e-04
2.113130759748772151e-04
7.043769199162574742e-05
2.465319219706900889e-04
1.526149993151891104e-04
1.917470504216478469e-04
2.387055117493983361e-04
1.487017942045432205e-04
2.934903832984406052e-04
1.995734606429395996e-04
1.017433328767927312e-04
1.995734606429395996e-04
9.783012776614686840e-05
2.739243577452112098e-05
1.095697430980844839e-04
2.739243577452112098e-05
1.956602555322937368e-04
1.369621788726056049e-04
1.917470504216478469e-04
7.043769199162574742e-05
1.956602555322937368e-04
6.652448688097987106e-05
2.387055117493983361e-04
2.582715373026277044e-04
1.917470504216478469e-04
1.604414095364808631e-04
2.347923066387524733e-04
2.347923066387524733e-04
5.478487154904224197e-05
2.347923066387524733e-04
1.330489737619597421e-04
8.609051243420923932e-05
1.878338453110019841e-04
1.408753839832514948e-04
1.017433328767927312e-04
1.173961533193762367e-04
1.526149993151891104e-04
7.826410221291749337e-06
7.826410221291749337e-06
7.043769199162574742e-05
1.408753839832514948e-04
2.269658964174607206e-04
1.017433328767927312e-04
2.504451270813359788e-04
2.113130759748772151e-04
2.660979475239194842e-04
1.956602555322937368e-04
1.760942299790643414e-04
1.800074350897102314e-04
1.956602555322937368e-04
4.695846132775049602e-05
2.347923066387524733e-04
9.000371754485511568e-05
1.604414095364808631e-04
2.269658964174607206e-04
1.760942299790643414e-04
1.213093584300221130e-04
2.700111526345653199e-04
3.247960241836075619e-04
1.956602555322937368e-04
1.643546146471267259e-04
3.913205110645874330e-05
7.826410221291748659e-05
1.721810248684184786e-04
2.269658964174607206e-04
1.760942299790643414e-04
1.760942299790643414e-04
2.152262810855231051e-04
1.565282044258349867e-05
2.387055117493983361e-04
3.521884599581287371e-05
2.426187168600442260e-04
2.191394861961689679e-04
2.034866657535854624e-04
1.252225635406679894e-04
2.347923066387524801e-05
2.387055117493983361e-04
1.604414095364808631e-04
7.826410221291749337e-06
8.609051243420923932e-05
9.391692265550099204e-05
1.800074350897102314e-04
1.643546146471267259e-04
1.291357686513138522e-04
1.173961533193762367e-04
2.073998708642313523e-04
9.783012776614686840e-05
1.095697430980844839e-04
1.956602555322937165e-05
1.408753839832514948e-04
1.839206402003560942e-04
2.387055117493983361e-04
1.760942299790643414e-04
1.252225635406679894e-04
1.956602555322937165e-05
3.913205110645874330e-05
9.783012776614686840e-05
2.152262810855231051e-04
1.252225635406679894e-04
1.917470504216478469e-04
1.917470504216478469e-04
4.304525621710461966e-05
1.095697430980844839e-04
1.447885890938973576e-04
2.034866657535854624e-04
1.800074350897102314e-04
3.521884599581287371e-05
9.391692265550099204e-05
3.913205110645874330e-05
7.435089710227161023e-05
1.056565379874386076e-04
1.487017942045432205e-04
2.426187168600442260e-04
2.269658964174607206e-04
1.643546146471267259e-04
2.152262810855231051e-04
1.995734606429395996e-04
1.917470504216478469e-04
1.956602555322937165e-05
1.956602555322937165e-05
1.721810248684184786e-04
1.526149993151891104e-04
1.369621788726056049e-04
8.609051243420923932e-05
1.291357686513138522e-04
1.995734606429395996e-04
2.034866657535854624e-04
2.073998708642313523e-04
1.173961533193762367e-04
1.330489737619597421e-04
2.152262810855231051e-04
1.565282044258349732e-04
1.878338453110019841e-04
1.017433328767927312e-04
3.130564088516699735e-05
1.173961533193762367e-04
1.917470504216478469e-04
1.252225635406679894e-04
1.839206402003560942e-04
1.095697430980844839e-04
2.308791015281065834e-04
1.721810248684184786e-04
1.017433328767927312e-04
1.408753839832514948e-04
1.134829482087303603e-04
2.739243577452112098e-04
1.291357686513138522e-04
1.682678197577726158e-04
1.643546146471267259e-04
8.217730732356336295e-05
1.917470504216478469e-04
1.369621788726056049e-04
1.447885890938973576e-04
1.565282044258349867e-05
1.878338453110019841e-04
2.034866657535854624e-04
2.426187168600442260e-04
1.917470504216478469e-04
1.800074350897102314e-04
1.956602555322937368e-04
2.426187168600442260e-04
3.913205110645874668e-06
9.391692265550099204e-05
1.565282044258349867e-05
1.369621788726056049e-04
2.230526913068148578e-04
1.408753839832514948e-04
1.565282044258349867e-05
3.913205110645874668e-06
1.565282044258349867e-05
1.056565379874386076e-04
2.739243577452112098e-05
1.682678197577726158e-04
1.487017942045432205e-04
1.487017942045432205e-04
1.252225635406679894e-04
1.291357686513138522e-04
5.869807665968811833e-05
1.056565379874386076e-04
8.609051243420923932e-05
2.465319219706900889e-04
1.721810248684184786e-04
1.800074350897102314e-04
1.956602555322937165e-05
2.191394861961689679e-04
8.609051243420923932e-05
1.408753839832514948e-04
1.447885890938973576e-04
4.304525621710461966e-05
1.956602555322937165e-05
1.721810248684184786e-04
1.604414095364808631e-04
1.408753839832514948e-04
1.956602555322937165e-05
1.330489737619597421e-04
2.230526913068148578e-04
1.956602555322937368e-04
3.913205110645874668e-06
1.800074350897102314e-04
3.913205110645874330e-05
2.347923066387524801e-05
1.565282044258349732e-04
1.565282044258349867e-05
2.152262810855231051e-04
5.869807665968811833e-05
1.017433328767927312e-04
1.487017942045432205e-04
1.487017942045432205e-04
1.213093584300221130e-04
1.956602555322937165e-05
1.134829482087303603e-04
6.652448688097987106e-05
7.826410221291748659e-05
1.173961533193762367e-04
4.695846132775049602e-05
1.839206402003560942e-04
1.526149993151891104e-04
1.721810248684184786e-04
9.391692265550099204e-05
2.152262810855231051e-04
1.643546146471267259e-04
1.604414095364808631e-04
7.826410221291748659e-05
1.408753839832514948e-04
1.134829482087303603e-04
1.565282044258349732e-04
1.134829482087303603e-04
6.261128177033399469e-05
2.347923066387524733e-04
1.408753839832514948e-04
2.230526913068148578e-04
1.017433328767927312e-04
2.739243577452112098e-05
1.760942299790643414e-04
3.913205110645874668e-06
1.682678197577726158e-04
9.783012776614686840e-05
1.095697430980844839e-04
1.721810248684184786e-04
1.956602555322937368e-04
1.682678197577726158e-04
1.956602555322937165e-05
7.826410221291749337e-06
1.408753839832514948e-04
1.956602555322937165e-05
1.213093584300221130e-04
1.643546146471267259e-04
1.995734606429395996e-04
6.261128177033399469e-05
7.826410221291749337e-06
1.604414095364808631e-04
1.408753839832514948e-04
1.878338453110019841e-04
2.034866657535854624e-04
6.652448688097987106e-05
1.682678197577726158e-04
1.760942299790643414e-04
2.113130759748772151e-04
1.369621788726056049e-04
1.134829482087303603e-04
2.269658964174607206e-04
1.095697430980844839e-04
1.604414095364808631e-04
1.369621788726056049e-04
1.760942299790643414e-04
5.869807665968811833e-05
1.917470504216478469e-04
1.173961533193762401e-05
2.191394861961689679e-04
8.609051243420923932e-05
1.526149993151891104e-04
1.134829482087303603e-04
2.230526913068148578e-04
1.721810248684184786e-04
1.213093584300221130e-04
1.604414095364808631e-04
1.369621788726056049e-04
1.173961533193762401e-05
1.173961533193762401e-05
1.839206402003560942e-04
1.565282044258349732e-04
1.330489737619597421e-04
1.917470504216478469e-04
1.330489737619597421e-04
1.800074350897102314e-04
1.760942299790643414e-04
7.043769199162574742e-05
5.087166643839636561e-05
1.721810248684184786e-04
1.291357686513138522e-04
1.330489737619597421e-04
2.073998708642313523e-04
2.073998708642313523e-04
1.643546146471267259e-04
1.526149993151891104e-04
2.073998708642313523e-04
1.487017942045432205e-04
6.652448688097987106e-05
7.435089710227161023e-05
8.217730732356336295e-05
1.643546146471267259e-04
2.347923066387524801e-05
5.087166643839636561e-05
2.660979475239194842e-04
1.252225635406679894e-04
1.721810248684184786e-04
1.956602555322937368e-04
1.134829482087303603e-04
9.000371754485511568e-05
7.826410221291749337e-06
3.521884599581287371e-05
1.056565379874386076e-04
7.435089710227161023e-05
7.826410221291748659e-05
3.913205110645874668e-06
6.652448688097987106e-05
1.487017942045432205e-04
1.800074350897102314e-04
1.291357686513138522e-04
9.783012776614686840e-05
2.191394861961689679e-04
1.878338453110019841e-04
1.173961533193762367e-04
9.391692265550099204e-05
1.643546146471267259e-04
1.604414095364808631e-04
8.609051243420923932e-05
1.291357686513138522e-04
1.173961533193762367e-04
2.113130759748772151e-04
1.643546146471267259e-04
1.291357686513138522e-04
2.152262810855231051e-04
9.783012776614686840e-05
1.291357686513138522e-04
1.800074350897102314e-04
1.917470504216478469e-04
1.878338453110019841e-04
2.739243577452112098e-05
1.056565379874386076e-04
7.826410221291749337e-06
1.408753839832514948e-04
1.526149993151891104e-04
1.760942299790643414e-04
2.034866657535854624e-04
1.134829482087303603e-04
1.526149993151891104e-04
1.134829482087303603e-04
6.652448688097987106e-05
1.487017942045432205e-04
7.826410221291748659e-05
1.760942299790643414e-04
5.869807665968811833e-05
1.408753839832514948e-04
1.095697430980844839e-04
1.721810248684184786e-04
2.034866657535854624e-04
3.913205110645874668e-06
7.435089710227161023e-05
1.956602555322937165e-05
7.826410221291748659e-05
2.308791015281065834e-04
7.826410221291748659e-05
1.682678197577726158e-04
9.783012776614686840e-05
1.604414095364808631e-04
1.447885890938973576e-04
2.269658964174607206e-04
1.839206402003560942e-04
7.435089710227161023e-05
1.565282044258349867e-05
1.252225635406679894e-04
1.017433328767927312e-04
5.869807665968811833e-05
8.217730732356336295e-05
1.839206402003560942e-04
1.721810248684184786e-04
1.565282044258349732e-04
6.261128177033399469e-05
3.521884599581287371e-05
9.000371754485511568e-05
1.526149993151891104e-04
1.839206402003560942e-04
1.447885890938973576e-04
1.565282044258349867e-05
1.017433328767927312e-04
1.134829482087303603e-04
1.839206402003560942e-04
1.721810248684184786e-04
1.213093584300221130e-04
1.487017942045432205e-04
1.565282044258349732e-04
1.604414095364808631e-04
1.447885890938973576e-04
1.839206402003560942e-04
1.682678197577726158e-04
1.134829482087303603e-04
4.695846132775049602e-05
8.609051243420923932e-05
7.826410221291748659e-05
1.447885890938973576e-04
1.291357686513138522e-04
1.213093584300221130e-04
9.391692265550099204e-05
3.913205110645874668e-06
1.330489737619597421e-04
1.017433328767927312e-04
1.369621788726056049e-04
1.330489737619597421e-04
1.487017942045432205e-04
1.760942299790643414e-04
6.261128177033399469e-05
5.869807665968811833e-05
3.521884599581287371e-05
5.087166643839636561e-05
1.604414095364808631e-04
1.800074350897102314e-04
7.043769199162574742e-05
1.721810248684184786e-04
7.826410221291748659e-05
1.056565379874386076e-04
9.783012776614686840e-05
1.487017942045432205e-04
1.995734606429395996e-04
7.043769199162574742e-05
1.878338453110019841e-04
7.043769199162574742e-05
1.056565379874386076e-04
1.526149993151891104e-04
1.526149993151891104e-04
1.134829482087303603e-04
1.095697430980844839e-04
3.130564088516699735e-05
1.134829482087303603e-04
1.565282044258349867e-05
1.760942299790643414e-04
4.695846132775049602e-05
8.217730732356336295e-05
6.261128177033399469e-05
1.252225635406679894e-04
5.087166643839636561e-05
1.682678197577726158e-04
1.408753839832514948e-04
1.526149993151891104e-04
1.095697430980844839e-04
1.682678197577726158e-04
1.839206402003560942e-04
2.347923066387524801e-05
1.721810248684184786e-04
9.391692265550099204e-05
1.526149993151891104e-04
1.604414095364808631e-04
9.000371754485511568e-05
1.526149993151891104e-04
5.478487154904224197e-05
1.643546146471267259e-04
1.213093584300221130e-04
1.487017942045432205e-04
2.113130759748772151e-04
1.682678197577726158e-04
4.695846132775049602e-05
3.913205110645874330e-05
1.017433328767927312e-04
2.347923066387524801e-05
9.391692265550099204e-05
6.261128177033399469e-05
1.173961533193762367e-04
1.252225635406679894e-04
3.913205110645874330e-05
1.565282044258349732e-04
1.408753839832514948e-04
4.695846132775049602e-05
1.800074350897102314e-04
9.783012776614686840e-05
3.913205110645874668e-06
1.056565379874386076e-04
1.604414095364808631e-04
5.869807665968811833e-05
5.869807665968811833e-05
1.173961533193762367e-04
7.826410221291748659e-05
1.369621788726056049e-04
1.330489737619597421e-04
1.447885890938973576e-04
6.261128177033399469e-05
1.056565379874386076e-04
1.839206402003560942e-04
1.017433328767927312e-04
1.878338453110019841e-04
5.869807665968811833e-05
1.447885890938973576e-04
1.643546146471267259e-04
9.000371754485511568e-05
8.609051243420923932e-05
1.604414095364808631e-04
9.783012776614686840e-05
5.087166643839636561e-05
1.643546146471267259e-04
1.447885890938973576e-04
6.261128177033399469e-05
1.526149993151891104e-04
1.526149993151891104e-04
3.913205110645874668e-06
7.043769199162574742e-05
1.643546146471267259e-04
1.604414095364808631e-04
9.391692265550099204e-05
1.487017942045432205e-04
8.217730732356336295e-05
1.095697430980844839e-04
1.134829482087303603e-04
1.330489737619597421e-04
1.369621788726056049e-04
9.783012776614686840e-05
1.526149993151891104e-04
9.000371754485511568e-05
1.095697430980844839e-04
4.304525621710461966e-05
1.213093584300221130e-04
8.609051243420923932e-05
1.721810248684184786e-04
1.213093584300221130e-04
1.369621788726056049e-04
1.760942299790643414e-04
1.760942299790643414e-04
1.565282044258349867e-05
1.252225635406679894e-04
7.826410221291748659e-05
4.304525621710461966e-05
2.739243577452112098e-05
2.347923066387524801e-05
7.826410221291748659e-05
6.652448688097987106e-05
1.565282044258349732e-04
1.604414095364808631e-04
5.478487154904224197e-05
1.291357686513138522e-04
1.565282044258349732e-04
6.652448688097987106e-05
1.369621788726056049e-04
6.261128177033399469e-05
2.347923066387524801e-05
1.291357686513138522e-04
1.447885890938973576e-04
1.447885890938973576e-04
1.291357686513138522e-04
1.526149993151891104e-04
1.213093584300221130e-04
7.043769199162574742e-05
7.435089710227161023e-05
1.956602555322937165e-05
1.330489737619597421e-04
2.073998708642313523e-04
1.408753839832514948e-04
1.134829482087303603e-04
1.643546146471267259e-04
1.526149993151891104e-04
8.217730732356336295e-05
1.056565379874386076e-04
3.130564088516699735e-05
5.087166643839636561e-05
7.826410221291749337e-06
7.043769199162574742e-05
1.213093584300221130e-04
1.369621788726056049e-04
3.521884599581287371e-05
1.526149993151891104e-04
1.213093584300221130e-04
1.721810248684184786e-04
1.487017942045432205e-04
1.995734606429395996e-04
1.369621788726056049e-04
5.869807665968811833e-05
3.913205110645874668e-06
3.913205110645874668e-06
1.017433328767927312e-04
1.447885890938973576e-04
3.913205110645874668e-06
5.087166643839636561e-05
1.917470504216478469e-04
6.261128177033399469e-05
7.435089710227161023e-05
1.721810248684184786e-04
1.682678197577726158e-04
1.134829482087303603e-04
1.056565379874386076e-04
1.369621788726056049e-04
1.565282044258349732e-04
5.869807665968811833e-05
7.826410221291748659e-05
1.056565379874386076e-04
1.213093584300221130e-04
2.739243577452112098e-05
1.213093584300221130e-04
7.435089710227161023e-05
8.609051243420923932e-05
5.478487154904224197e-05
2.347923066387524801e-05
4.695846132775049602e-05
4.304525621710461966e-05
5.478487154904224197e-05
1.095697430980844839e-04
1.369621788726056049e-04
1.526149993151891104e-04
1.604414095364808631e-04
1.173961533193762367e-04
9.391692265550099204e-05
1.330489737619597421e-04
1.134829482087303603e-04
6.261128177033399469e-05
1.487017942045432205e-04
1.604414095364808631e-04
5.087166643839636561e-05
1.134829482087303603e-04
1.526149993151891104e-04
8.609051243420923932e-05
1.134829482087303603e-04
1.408753839832514948e-04
1.095697430980844839e-04
1.526149993151891104e-04
1.487017942045432205e-04
1.291357686513138522e-04
2.739243577452112098e-05
5.478487154904224197e-05
1.487017942045432205e-04
1.291357686513138522e-04
1.408753839832514948e-04
1.643546146471267259e-04
9.000371754485511568e-05
1.252225635406679894e-04
1.291357686513138522e-04
1.956602555322937368e-04
8.217730732356336295e-05
1.369621788726056049e-04
1.408753839832514948e-04
1.252225635406679894e-04
1.095697430980844839e-04
8.609051243420923932e-05
1.408753839832514948e-04
1.252225635406679894e-04
5.869807665968811833e-05
1.369621788726056049e-04
7.826410221291748659e-05
3.521884599581287371e-05
4.304525621710461966e-05
1.526149993151891104e-04
1.526149993151891104e-04
7.826410221291748659e-05
1.291357686513138522e-04
3.521884599581287371e-05
2.739243577452112098e-05
3.913205110645874668e-06
9.391692265550099204e-05
1.095697430980844839e-04
7.826410221291748659e-05
1.134829482087303603e-04
1.526149993151891104e-04
1.173961533193762401e-05
3.521884599581287371e-05
1.173961533193762367e-04
1.017433328767927312e-04
7.435089710227161023e-05
1.956602555322937165e-05
1.291357686513138522e-04
1.173961533193762367e-04
1.173961533193762367e-04
1.173961533193762401e-05
9.391692265550099204e-05
5.087166643839636561e-05
1.017433328767927312e-04
1.213093584300221130e-04
7.826410221291748659e-05
1.173961533193762401e-05
1.173961533193762367e-04
3.130564088516699735e-05
1.487017942045432205e-04
5.087166643839636561e-05
1.526149993151891104e-04
1.173961533193762367e-04
1.760942299790643414e-04
3.913205110645874668e-06
1.017433328767927312e-04
9.783012776614686840e-05
1.213093584300221130e-04
6.652448688097987106e-05
1.291357686513138522e-04
1.565282044258349732e-04
5.478487154904224197e-05
4.304525621710461966e-05
7.043769199162574742e-05
1.408753839832514948e-04
1.526149993151891104e-04
1.017433328767927312e-04
1.056565379874386076e-04
2.347923066387524801e-05
2.739243577452112098e-05
1.917470504216478469e-04
1.291357686513138522e-04
8.217730732356336295e-05
9.000371754485511568e-05
1.526149993151891104e-04
9.391692265550099204e-05
4.695846132775049602e-05
1.017433328767927312e-04
8.609051243420923932e-05
9.783012776614686840e-05
1.800074350897102314e-04
5.478487154904224197e-05
1.056565379874386076e-04
1.526149993151891104e-04
1.213093584300221130e-04
1.213093584300221130e-04
1.604414095364808631e-04
3.913205110645874330e-05
9.000371754485511568e-05
1.330489737619597421e-04
3.913205110645874668e-06
4.695846132775049602e-05
1.330489737619597421e-04
5.869807665968811833e-05
1.408753839832514948e-04
1.213093584300221130e-04
7.826410221291748659e-05
9.783012776614686840e-05
1.291357686513138522e-04
1.330489737619597421e-04
9.783012776614686840e-05
1.173961533193762401e-05
5.478487154904224197e-05
7.043769199162574742e-05
4.695846132775049602e-05
1.643546146471267259e-04
1.760942299790643414e-04
1.369621788726056049e-04
9.000371754485511568e-05
6.652448688097987106e-05
1.526149993151891104e-04
1.134829482087303603e-04
3.913205110645874668e-06
8.217730732356336295e-05
1.291357686513138522e-04
3.913205110645874668e-06
1.213093584300221130e-04
9.391692265550099204e-05
1.565282044258349732e-04
1.291357686513138522e-04
1.487017942045432205e-04
1.095697430980844839e-04
3.130564088516699735e-05
1.330489737619597421e-04
4.695846132775049602e-05
1.447885890938973576e-04
1.487017942045432205e-04
1.643546146471267259e-04
1.330489737619597421e-04
1.056565379874386076e-04
8.609051243420923932e-05
1.330489737619597421e-04
3.913205110645874668e-06
1.408753839832514948e-04
1.369621788726056049e-04
1.173961533193762367e-04
3.521884599581287371e-05
1.487017942045432205e-04
1.056565379874386076e-04
1.056565379874386076e-04
1.291357686513138522e-04
1.408753839832514948e-04
8.217730732356336295e-05
1.643546146471267259e-04
1.565282044258349867e-05
1.056565379874386076e-04
1.487017942045432205e-04
1.330489737619597421e-04
9.783012776614686840e-05
9.391692265550099204e-05
9.783012776614686840e-05
1.839206402003560942e-04
1.017433328767927312e-04
1.173961533193762401e-05
8.217730732356336295e-05
1.369621788726056049e-04
7.043769199162574742e-05
3.521884599581287371e-05
7.826410221291748659e-05
7.435089710227161023e-05
1.213093584300221130e-04
1.017433328767927312e-04
3.913205110645874668e-06
2.739243577452112098e-05
9.783012776614686840e-05
9.000371754485511568e-05
1.487017942045432205e-04
7.826410221291748659e-05
1.526149993151891104e-04
1.134829482087303603e-04
5.478487154904224197e-05
1.643546146471267259e-04
1.408753839832514948e-04
1.095697430980844839e-04
6.652448688097987106e-05
1.173961533193762367e-04
1.095697430980844839e-04
8.217730732356336295e-05
1.095697430980844839e-04
1.565282044258349867e-05
6.261128177033399469e-05
8.609051243420923932e-05
1.330489737619597421e-04
9.000371754485511568e-05
1.526149993151891104e-04
1.056565379874386076e-04
7.435089710227161023e-05
1.213093584300221130e-04
1.017433328767927312e-04
1.956602555322937165e-05
9.000371754485511568e-05
1.487017942045432205e-04
1.134829482087303603e-04
1.056565379874386076e-04
8.217730732356336295e-05
1.056565379874386076e-04
8.217730732356336295e-05
7.826410221291749337e-06
1.134829482087303603e-04
7.826410221291749337e-06
3.913205110645874330e-05
1.017433328767927312e-04
8.609051243420923932e-05
3.521884599581287371e-05
1.095697430980844839e-04
1.330489737619597421e-04
1.330489737619597421e-04
7.826410221291748659e-05
1.095697430980844839e-04
9.000371754485511568e-05
7.435089710227161023e-05
1.017433328767927312e-04
3.913205110645874330e-05
1.056565379874386076e-04
1.252225635406679894e-04
1.487017942045432205e-04
1.173961533193762367e-04
1.134829482087303603e-04
8.217730732356336295e-05
2.347923066387524801e-05
1.017433328767927312e-04
9.783012776614686840e-05
7.435089710227161023e-05
7.043769199162574742e-05
3.913205110645874330e-05
1.056565379874386076e-04
9.783012776614686840e-05
7.435089710227161023e-05
1.604414095364808631e-04
3.913205110645874668e-06
9.000371754485511568e-05
7.826410221291748659e-05
4.304525621710461966e-05
1.173961533193762401e-05
1.173961533193762401e-05
5.869807665968811833e-05
3.913205110645874330e-05
5.478487154904224197e-05
1.369621788726056049e-04
4.695846132775049602e-05
3.913205110645874668e-06
1.173961533193762401e-05
5.087166643839636561e-05
5.087166643839636561e-05
6.261128177033399469e-05
9.783012776614686840e-05
8.217730732356336295e-05
8.609051243420923932e-05
3.913205110645874668e-06
9.391692265550099204e-05
6.652448688097987106e-05
1.330489737619597421e-04
3.913205110645874668e-06
5.869807665968811833e-05
7.435089710227161023e-05
1.134829482087303603e-04
5.087166643839636561e-05
7.826410221291748659e-05
8.217730732356336295e-05
2.739243577452112098e-05
3.913205110645874330e-05
8.609051243420923932e-05
9.783012776614686840e-05
7.043769199162574742e-05
1.721810248684184786e-04
5.478487154904224197e-05
3.130564088516699735e-05
1.173961533193762367e-04
1.252225635406679894e-04
1.017433328767927312e-04
8.217730732356336295e-05
7.826410221291748659e-05
1.056565379874386076e-04
1.056565379874386076e-04
1.173961533193762367e-04
1.017433328767927312e-04
7.043769199162574742e-05
3.913205110645874330e-05
1.956602555322937165e-05
5.478487154904224197e-05
3.913205110645874668e-06
1.213093584300221130e-04
5.087166643839636561e-05
1.173961533193762367e-04
1.173961533193762367e-04
9.783012776614686840e-05
9.000371754485511568e-05
1.213093584300221130e-04
7.435089710227161023e-05
7.826410221291749337e-06
6.261128177033399469e-05
1.173961533193762367e-04
6.261128177033399469e-05
3.913205110645874330e-05
6.261128177033399469e-05
1.565282044258349867e-05
7.435089710227161023e-05
5.478487154904224197e-05
9.783012776614686840e-05
8.609051243420923932e-05
2.739243577452112098e-05
2.347923066387524801e-05
8.609051243420923932e-05
9.391692265550099204e-05
8.217730732356336295e-05
1.213093584300221130e-04
4.695846132775049602e-05
1.487017942045432205e-04
5.478487154904224197e-05
1.252225635406679894e-04
3.913205110645874668e-06
9.783012776614686840e-05
3.913205110645874668e-06
8.217730732356336295e-05
1.173961533193762401e-05
4.695846132775049602e-05
6.652448688097987106e-05
7.435089710227161023e-05
5.869807665968811833e-05
6.261128177033399469e-05
4.304525621710461966e-05
8.609051243420923932e-05
1.330489737619597421e-04
1.369621788726056049e-04
9.391692265550099204e-05
4.695846132775049602e-05
3.521884599581287371e-05
1.447885890938973576e-04
4.695846132775049602e-05
1.565282044258349867e-05
1.291357686513138522e-04
5.478487154904224197e-05
2.347923066387524801e-05
