1.219348487560408152e-02
5.229774476463218240e-03
6.818283515303382933e-03
1.130414354752103112e-02
6.795910148559155053e-03
6.135895829604438682e-03
5.419948093789153480e-03
9.424780741005906598e-03
4.323653123321997797e-03
3.652452120995167487e-03
3.736352246286021167e-03
4.978074100590657199e-03
3.065151243959190856e-03
2.656837300877035960e-03
3.881779130123501082e-03
5.436728118847324390e-03
4.016019330588867058e-03
7.332870950420618955e-03
7.187444066583139474e-03
6.437936280651512452e-03
5.671648469661714521e-03
8.099158761410417753e-03
3.853812421693216233e-03
5.045194200823339969e-03
3.383971720064435102e-03
6.018435654197243183e-03
6.426749597279398513e-03
2.461070341865043750e-03
2.768704134598174490e-03
4.441113298729192430e-03
3.333631644889923241e-03
5.369608018614640751e-03
7.606944693037408526e-04
4.396366565240737538e-03
1.952076248433864264e-03
4.278906389833542039e-03
3.602112045820655192e-03
6.712010023268301481e-05
1.717155897619473699e-03
7.439144442455700515e-04
1.968856273492035174e-03
1.236128512618578845e-03
3.708385537855736318e-03
3.428718453552890427e-03
2.103096473957401149e-03
3.361598353320207656e-03
3.853812421693216233e-03
2.757517451226060550e-03
1.912922856631465909e-03
3.294478253087524452e-03
1.286468587793091140e-03
7.327277608734562202e-04
1.890549489887238246e-03
9.508680866296759845e-04
3.025997852156792501e-03
2.852604259889028062e-04
2.035976373724717944e-03
4.580946840880615809e-03
2.304456774655450329e-03
1.017988186862358972e-03
3.568551995704313372e-03
2.114283157329515089e-03
1.560542330409880061e-03
1.180195095758009580e-03
2.852604259889028170e-03
2.237336674422767124e-03
3.031591193842849471e-03
3.702792196169679782e-03
3.652452120995167487e-03
1.806649364596384566e-03
1.778682656166099933e-03
3.104304635761589212e-03
3.971272597100411732e-04
2.919724360121710941e-03
2.421916950062645395e-03
8.893413280830499666e-04
5.201807768032933174e-04
1.465455521746912440e-03
6.488276355826024314e-04
2.153436549131913444e-03
1.980042956864149113e-03
2.455477000178986780e-03
4.866207266869518777e-04
1.314435296223375772e-03
7.662878109897977141e-04
2.170216574190083920e-03
9.900214784320745566e-04
1.940889565061750541e-03
2.466663683551100720e-03
2.114283157329515089e-03
2.365983533202076130e-03
2.226149991050653185e-03
2.002416323608376559e-03
6.767943440128870638e-04
2.466663683551100720e-03
1.532575621979595428e-03
2.544970467155897430e-03
1.448675496688741748e-03
2.287676749597279419e-03
5.481474852335779498e-04
2.310050116341506865e-03
1.499015571863254043e-03
2.712770717737605225e-03
2.701584034365491285e-03
2.365983533202076130e-03
1.890549489887238246e-03
1.778682656166099933e-03
1.157821729013781917e-03
3.070744585645247826e-03
3.020404510470735531e-04
6.823876856989439252e-04
1.515795596921424735e-03
9.620547700017898158e-04
2.461070341865043967e-04
2.013603006980490499e-03
1.834616073026668981e-03
8.222212278503668705e-04
4.139072847682119202e-04
1.504608913549310796e-03
2.360390191516019160e-03
1.258501879362806507e-03
8.054412027921961778e-04
1.375962054770001790e-03
2.925317701807767911e-03
4.418739931984964984e-04
8.501879362806515029e-04
1.493422230177197073e-03
6.935743690710578649e-04
2.908537676749597435e-03
9.284947198854483219e-04
7.047610524431716962e-04
1.420708788258457115e-03
1.459862180060855471e-03
7.774744943619115453e-04
8.893413280830499666e-04
1.806649364596384566e-03
1.683595847503132313e-03
9.900214784320745566e-04
2.265303382853051540e-03
5.873008770359764135e-04
6.432342938965455699e-04
1.504608913549310796e-03
4.530606765706103297e-04
3.523805262215858481e-04
2.461070341865043967e-04
1.269688562734920447e-03
4.474673348845534140e-04
9.005280114551637979e-04
1.180195095758009580e-03
2.209369965992482709e-03
1.968856273492035174e-03
7.942545194200823465e-04
1.292061929479148110e-03
2.024789690352604438e-03
1.845802756398782975e-04
9.732414533739037555e-04
1.957669590119921234e-03
1.347995346339717158e-03
1.387148738142115730e-03
2.080723107213173270e-03
1.957669590119921288e-04
7.998478611061392079e-04
1.314435296223375772e-03
2.304456774655450329e-03
4.866207266869518777e-04
7.383211025595131901e-04
5.257741184893502872e-04
1.907329514945408939e-03
1.068328262036871267e-03
1.717155897619473699e-03
7.551011276176838828e-04
6.935743690710578649e-04
6.152675854662609375e-04
1.392742079828172483e-03
2.326830141399677775e-03
1.180195095758009580e-03
2.214963307678539679e-03
9.900214784320745566e-04
8.669679613388223040e-04
1.208161804188294212e-03
2.461070341865043967e-04
1.896142831573295216e-03
7.998478611061392079e-04
6.544209772686594012e-04
9.061213531412206593e-04
2.226149991050653185e-03
1.202568462502237243e-03
1.157821729013781917e-03
1.152228387327725164e-03
1.437488813316627808e-03
9.788347950599606169e-04
1.661222480758904651e-03
1.068328262036871267e-03
7.551011276176838828e-04
2.058349740468945824e-03
1.504608913549310796e-03
4.866207266869518777e-04
1.890549489887238246e-03
9.396814032575621532e-04
5.705208519778056124e-04
1.101888312153212869e-03
1.124261678897440532e-03
4.866207266869518777e-04
2.220556649364596215e-03
5.817075353499194437e-04
7.439144442455700515e-04
1.661222480758904651e-03
8.613746196527653342e-04
3.188204761052443000e-04
1.152228387327725164e-03
5.034007517451226247e-04
1.683595847503132313e-03
1.499015571863254043e-03
6.096742437802040761e-04
9.788347950599606169e-04
5.873008770359764135e-04
1.320028637909432525e-03
8.949346697691068281e-04
1.135448362269554255e-03
7.159477358152855275e-04
1.258501879362806507e-03
1.968856273492035174e-03
4.754340433148379922e-04
1.599695722212278416e-03
5.649275102917487509e-04
7.271344191873993588e-04
1.789869339538213656e-03
1.448675496688741748e-03
6.320476105244317386e-04
6.712010023268300939e-04
5.257741184893502872e-04
1.817836047968498289e-03
5.537408269196349197e-04
1.616475747270449325e-03
1.006801503490245249e-03
1.403928763200286423e-03
1.135448362269554255e-03
7.886611777340253766e-04
1.303248612851261833e-03
1.297655271165204863e-03
2.041569715410774914e-03
6.991677107571147264e-04
7.830678360479685152e-04
6.935743690710578649e-04
1.644442455700733741e-03
8.054412027921961778e-04
1.280875246107034170e-03
5.984875604080902448e-04
2.740737426167889749e-04
4.922140683730087934e-04
1.006801503490245249e-03
5.034007517451226247e-04
1.068328262036871267e-03
2.237336674422767273e-05
1.040361553606586635e-03
1.767495972793985994e-03
7.886611777340253766e-04
1.286468587793091140e-03
8.334079112224808102e-04
4.978074100590656548e-04
8.390012529085376716e-04
9.061213531412206593e-04
6.879810273850008951e-04
8.166278861643100091e-04
1.705969214247359976e-03
5.873008770359764135e-04
5.593341686056918184e-06
4.139072847682119202e-04
6.935743690710578649e-04
5.984875604080902448e-04
9.620547700017898158e-04
1.269688562734920447e-03
2.237336674422767070e-04
6.712010023268300939e-04
6.208609271523179074e-04
6.823876856989439252e-04
8.837479863969929968e-04
1.610882405584392356e-03
7.159477358152855275e-04
7.774744943619115453e-04
6.376409522104886001e-04
8.557812779667084728e-04
2.237336674422767070e-04
5.873008770359764135e-04
1.073921603722928237e-03
1.415115446572400145e-03
6.600143189547162626e-04
9.229013781993914605e-04
1.448675496688741748e-03
5.649275102917487509e-04
4.250939681403257515e-04
7.271344191873993588e-04
9.117146948272776292e-04
4.362806515124395827e-04
1.034768211920529882e-03
5.593341686056918184e-06
4.698407016287810766e-04
8.613746196527653342e-04
1.057141578664757544e-03
1.275281904420977200e-03
6.320476105244317386e-04
6.264542688383747688e-04
1.605289063898335386e-03
8.669679613388223040e-04
1.068328262036871267e-03
1.616475747270449325e-03
7.271344191873993588e-04
1.034768211920529882e-03
5.034007517451226247e-04
7.830678360479685152e-04
2.069536423841059601e-04
6.488276355826024314e-04
9.229013781993914605e-04
1.571729013781994000e-03
1.398335421514229453e-04
4.642473599427241610e-04
8.166278861643100091e-04
6.656076606407732325e-04
7.495077859316270213e-04
1.012394845176302219e-03
5.649275102917487509e-04
4.586540182566672453e-04
7.551011276176838828e-04
3.523805262215858481e-04
1.062734920350814297e-03
7.606944693037408526e-04
1.146635045641668195e-03
9.676481116878467856e-04
3.915339180239842305e-05
9.508680866296759845e-04
4.866207266869518777e-04
1.347995346339717158e-03
6.432342938965455699e-04
1.280875246107034170e-03
8.278145695364238403e-04
9.676481116878467856e-04
1.152228387327725164e-03
5.034007517451226247e-04
6.935743690710578649e-04
7.159477358152855275e-04
5.649275102917487509e-04
5.089940934311794861e-04
1.062734920350814297e-03
9.508680866296759845e-04
5.928942187220332749e-04
1.146635045641668195e-03
1.286468587793091140e-03
5.928942187220332749e-04
5.481474852335779498e-04
1.107481653839269839e-03
1.101888312153212869e-03
5.089940934311794861e-04
2.517003758725613123e-04
1.219348487560408152e-03
8.781546447109361353e-04
3.635672095936996794e-04
7.886611777340253766e-04
2.461070341865043967e-04
5.705208519778056124e-04
5.313674601754071487e-04
9.396814032575621532e-04
2.796670843028458838e-05
7.830678360479685152e-04
7.439144442455700515e-04
5.201807768032933174e-04
5.034007517451226247e-04
9.229013781993914605e-04
1.034768211920529882e-03
7.383211025595131901e-04
5.257741184893502872e-04
1.051548236978700574e-03
5.593341686056918184e-06
5.537408269196349197e-04
8.837479863969929968e-04
2.628870592446751436e-04
4.027206013960980889e-04
8.110345444782530392e-04
9.508680866296759845e-04
7.495077859316270213e-04
7.271344191873993588e-04
3.020404510470735531e-04
3.523805262215858481e-04
1.252908537676749538e-03
4.306873098263826671e-04
1.733935922677644662e-04
5.034007517451226247e-04
3.356005011634150470e-04
4.866207266869518777e-04
4.362806515124395827e-04
3.691605512797565950e-04
8.893413280830499666e-04
2.237336674422767070e-04
8.222212278503668705e-04
1.845802756398782975e-04
7.215410775013423889e-04
8.557812779667084728e-04
6.264542688383747688e-04
6.488276355826024314e-04
3.523805262215858481e-04
5.593341686056918184e-06
6.040809020941471062e-04
4.083139430821550045e-04
3.859405763379273420e-04
4.195006264542688358e-04
4.810273850008949079e-04
1.901736173259352132e-04
6.879810273850008951e-04
8.501879362806515029e-04
1.012394845176302219e-03
8.669679613388223040e-04
5.761141936638625822e-04
6.152675854662609375e-04
3.356005011634150470e-04
2.517003758725613123e-04
9.117146948272776292e-04
3.020404510470735531e-04
2.461070341865043967e-04
4.139072847682119202e-04
7.495077859316270213e-04
8.110345444782530392e-04
1.510202255235367766e-04
1.957669590119921288e-04
1.191381779130123520e-03
1.073921603722928237e-03
6.991677107571147264e-04
9.508680866296759845e-04
6.264542688383747688e-04
1.174601754071952691e-04
1.045954895292643605e-03
3.635672095936996794e-04
5.761141936638625822e-04
6.488276355826024314e-04
1.096294970467155900e-03
4.754340433148379922e-04
7.830678360479685152e-04
9.844281367460175868e-04
2.293270091283336227e-04
7.886611777340253766e-04
5.369608018614641185e-04
7.047610524431716962e-04
6.208609271523179074e-04
9.564614283157329543e-04
1.057141578664757544e-03
5.593341686056918184e-06
4.530606765706103297e-04
3.747538929658135107e-04
4.250939681403257515e-04
9.788347950599606169e-04
9.732414533739037555e-04
1.146635045641668195e-03
5.089940934311794861e-04
5.593341686056918184e-06
6.152675854662609375e-04
4.362806515124395827e-04
4.474673348845534140e-04
5.593341686056917811e-04
5.034007517451226247e-04
5.593341686056918184e-06
1.006801503490245222e-04
5.761141936638625822e-04
6.376409522104886001e-04
6.376409522104886001e-04
1.454268838374798609e-04
3.020404510470735531e-04
1.957669590119921288e-04
1.957669590119921288e-04
8.613746196527653342e-04
3.523805262215858481e-04
8.837479863969929968e-04
3.523805262215858481e-04
5.537408269196349197e-04
1.789869339538213819e-04
1.957669590119921288e-04
2.796670843028458905e-04
3.803472346518704263e-04
5.481474852335779498e-04
2.684804009307320593e-04
4.250939681403257515e-04
8.054412027921961778e-04
1.789869339538213819e-04
4.810273850008949079e-04
5.593341686056918184e-06
4.698407016287810766e-04
3.020404510470735531e-04
4.418739931984964984e-04
5.089940934311794861e-04
2.684804009307320593e-04
3.300071594773581313e-04
5.313674601754071487e-04
2.405136925004474539e-04
1.118668337211383535e-04
1.845802756398782975e-04
7.327277608734562202e-04
1.845802756398782975e-04
1.118668337211383637e-05
7.159477358152855275e-04
4.810273850008949079e-04
5.313674601754071487e-04
7.327277608734562202e-04
6.600143189547162626e-04
8.893413280830499666e-04
7.830678360479685152e-04
5.481474852335779498e-04
4.083139430821550045e-04
1.118668337211383535e-04
8.949346697691068281e-04
3.747538929658135107e-04
5.425541435475209799e-04
3.579738679076427637e-04
4.418739931984964984e-04
5.145874351172364559e-04
5.705208519778056124e-04
4.083139430821550045e-04
6.040809020941471062e-04
7.215410775013423889e-04
4.362806515124395827e-04
7.103543941292285576e-04
7.383211025595131901e-04
6.935743690710578649e-04
2.237336674422767070e-04
9.452747449436191230e-04
3.244138177913012157e-04
5.481474852335779498e-04
1.454268838374798609e-04
1.845802756398782975e-04
9.396814032575621532e-04
6.264542688383747688e-04
4.474673348845534547e-05
4.195006264542688358e-04
6.879810273850008951e-04
2.125469840701628757e-04
8.893413280830499666e-04
3.691605512797565950e-04
1.096294970467155900e-03
2.237336674422767273e-05
5.761141936638625822e-04
6.208609271523179074e-04
5.649275102917487509e-04
2.125469840701628757e-04
1.342402004653660296e-04
7.551011276176838828e-04
1.286468587793091140e-04
8.949346697691068281e-04
1.678002505817075235e-04
4.474673348845534140e-04
2.461070341865043967e-04
3.971272597100411732e-04
4.027206013960980889e-04
2.461070341865043967e-04
2.461070341865043967e-04
7.662878109897977141e-04
5.984875604080902448e-04
6.152675854662609917e-05
4.139072847682119202e-04
3.411938428494719626e-04
9.061213531412206593e-04
4.306873098263826671e-04
2.013603006980490444e-04
4.474673348845534140e-04
3.244138177913012157e-04
3.132271344191873844e-04
6.432342938965455699e-04
1.678002505817075235e-04
4.139072847682119202e-04
8.054412027921961778e-04
3.467871845355289325e-04
1.342402004653660296e-04
7.271344191873993588e-04
5.593341686056917811e-04
5.425541435475209799e-04
4.698407016287810766e-04
7.998478611061392079e-04
8.166278861643100091e-04
5.649275102917487509e-04
3.579738679076427637e-04
2.237336674422767070e-04
3.859405763379273420e-04
4.810273850008949079e-04
7.103543941292285576e-04
7.830678360479684610e-05
3.915339180239842576e-04
2.517003758725613123e-04
4.474673348845534547e-05
4.362806515124395827e-04
6.712010023268300939e-04
3.635672095936996794e-04
1.118668337211383637e-05
2.237336674422767273e-05
8.949346697691069094e-05
2.405136925004474539e-04
2.181403257562197914e-04
2.293270091283336227e-04
6.152675854662609375e-04
4.027206013960980889e-04
2.237336674422767273e-05
2.908537676749597218e-04
6.376409522104886001e-04
2.628870592446751436e-04
8.949346697691069094e-05
5.034007517451226111e-05
2.964471093610166375e-04
8.222212278503668705e-04
6.767943440128870638e-04
3.356005011634150741e-05
2.181403257562197914e-04
3.244138177913012157e-04
1.678002505817075370e-05
4.027206013960980889e-04
3.188204761052443000e-04
3.691605512797565950e-04
4.306873098263826671e-04
2.852604259889028062e-04
5.313674601754071487e-04
3.020404510470735531e-04
4.978074100590656548e-04
4.642473599427241610e-04
6.152675854662609375e-04
1.566135672095936922e-04
5.537408269196349197e-04
7.271344191873993046e-05
1.454268838374798609e-04
1.275281904420977200e-03
8.949346697691068281e-04
7.774744943619115453e-04
2.237336674422767273e-05
4.586540182566672453e-04
3.747538929658135107e-04
5.145874351172364559e-04
7.998478611061392079e-04
4.306873098263826671e-04
9.508680866296760658e-05
6.879810273850008951e-04
3.411938428494719626e-04
8.390012529085376174e-05
1.174601754071952691e-04
3.132271344191873844e-04
1.062734920350814379e-04
4.754340433148379922e-04
6.879810273850008951e-04
1.733935922677644662e-04
7.047610524431716962e-04
9.564614283157329543e-04
7.718811526758546839e-04
2.237336674422767070e-04
4.922140683730087934e-04
2.796670843028458905e-04
3.803472346518704263e-04
3.244138177913012157e-04
9.173080365133344906e-04
2.852604259889028062e-04
4.418739931984964984e-04
6.152675854662609375e-04
4.195006264542688358e-04
4.362806515124395827e-04
3.076337927331304688e-04
3.523805262215858481e-04
1.213755145874351182e-03
2.908537676749597218e-04
5.593341686056917675e-05
2.349203508143905383e-04
3.691605512797565950e-04
5.089940934311794861e-04
4.474673348845534547e-05
2.293270091283336227e-04
2.013603006980490444e-04
5.873008770359764135e-04
3.244138177913012157e-04
2.461070341865043967e-04
3.244138177913012157e-04
4.642473599427241610e-04
3.579738679076427637e-04
2.349203508143905383e-04
5.034007517451226111e-05
2.237336674422767070e-04
4.642473599427241610e-04
2.013603006980490444e-04
1.733935922677644662e-04
2.740737426167889749e-04
5.873008770359764135e-04
1.398335421514229453e-04
3.411938428494719626e-04
1.733935922677644662e-04
3.244138177913012157e-04
1.118668337211383637e-05
2.684804009307320593e-04
5.257741184893502872e-04
3.859405763379273420e-04
1.901736173259352132e-04
7.886611777340253766e-04
3.188204761052443000e-04
4.195006264542688358e-04
5.873008770359764135e-04
3.188204761052443000e-04
7.271344191873993046e-05
1.957669590119921288e-04
6.040809020941471062e-04
4.474673348845534547e-05
7.551011276176838828e-04
3.971272597100411732e-04
3.915339180239842576e-04
3.244138177913012157e-04
1.901736173259352132e-04
1.733935922677644662e-04
5.593341686056918184e-06
6.376409522104886001e-04
4.866207266869518777e-04
4.306873098263826671e-04
3.523805262215858481e-04
5.313674601754071487e-04
5.537408269196349197e-04
3.635672095936996794e-04
2.405136925004474539e-04
3.020404510470735531e-04
2.628870592446751436e-04
3.747538929658135107e-04
7.103543941292285576e-04
1.845802756398782975e-04
4.418739931984964984e-04
5.761141936638625822e-04
6.152675854662609917e-05
3.971272597100411732e-04
4.978074100590656548e-04
5.593341686056918184e-06
3.356005011634150470e-04
1.174601754071952691e-04
4.306873098263826671e-04
4.250939681403257515e-04
2.293270091283336227e-04
2.013603006980490444e-04
6.152675854662609917e-05
1.845802756398782975e-04
5.817075353499194437e-04
7.271344191873993046e-05
3.747538929658135107e-04
2.125469840701628757e-04
2.572937175586182280e-04
2.628870592446751436e-04
4.474673348845534140e-04
3.132271344191873844e-04
2.796670843028458838e-05
2.908537676749597218e-04
1.622069088956506078e-04
4.027206013960980889e-04
5.649275102917487509e-04
1.510202255235367766e-04
3.523805262215858481e-04
5.425541435475209799e-04
1.174601754071952691e-04
5.481474852335779498e-04
5.593341686056918184e-06
4.083139430821550045e-04
1.622069088956506078e-04
5.928942187220332749e-04
1.733935922677644662e-04
4.418739931984964984e-04
2.405136925004474539e-04
5.593341686056918184e-06
4.754340433148379922e-04
6.935743690710578649e-04
4.586540182566672453e-04
2.572937175586182280e-04
2.740737426167889749e-04
2.628870592446751436e-04
2.461070341865043967e-04
1.789869339538213819e-04
2.628870592446751436e-04
5.593341686056918184e-06
1.230535170932521983e-04
6.879810273850008951e-04
3.859405763379273420e-04
3.188204761052443000e-04
2.796670843028458838e-05
3.132271344191873844e-04
4.866207266869518777e-04
6.040809020941471062e-04
6.208609271523179074e-04
3.188204761052443000e-04
6.488276355826024314e-04
4.474673348845534547e-05
3.915339180239842576e-04
2.908537676749597218e-04
2.069536423841059601e-04
2.349203508143905383e-04
6.544209772686594012e-04
4.362806515124395827e-04
4.250939681403257515e-04
3.859405763379273420e-04
4.027206013960980889e-04
3.859405763379273420e-04
4.754340433148379922e-04
4.139072847682119202e-04
1.510202255235367766e-04
4.810273850008949079e-04
5.593341686056917811e-04
3.523805262215858481e-04
3.747538929658135107e-04
1.062734920350814379e-04
2.628870592446751436e-04
1.678002505817075235e-04
4.250939681403257515e-04
2.852604259889028062e-04
1.733935922677644662e-04
3.747538929658135107e-04
1.118668337211383637e-05
2.852604259889028062e-04
4.642473599427241610e-04
1.566135672095936922e-04
8.390012529085376174e-05
1.342402004653660296e-04
2.069536423841059601e-04
2.517003758725613123e-04
5.593341686056917675e-05
3.859405763379273420e-04
8.390012529085376174e-05
1.174601754071952691e-04
1.230535170932521983e-04
2.908537676749597218e-04
2.852604259889028062e-04
1.118668337211383637e-05
4.922140683730087934e-04
2.069536423841059601e-04
1.286468587793091140e-04
4.083139430821550045e-04
4.027206013960980889e-04
3.523805262215858481e-04
2.740737426167889749e-04
2.293270091283336227e-04
4.362806515124395827e-04
2.852604259889028062e-04
1.510202255235367766e-04
4.474673348845534547e-05
2.125469840701628757e-04
2.181403257562197914e-04
3.635672095936996794e-04
2.964471093610166375e-04
1.230535170932521983e-04
3.132271344191873844e-04
3.747538929658135107e-04
1.174601754071952691e-04
2.572937175586182280e-04
5.201807768032933174e-04
3.915339180239842576e-04
5.593341686056918184e-06
4.418739931984964984e-04
3.300071594773581313e-04
1.118668337211383535e-04
1.566135672095936922e-04
2.628870592446751436e-04
3.076337927331304688e-04
2.013603006980490444e-04
3.579738679076427637e-04
3.579738679076427637e-04
2.796670843028458838e-05
8.390012529085376174e-05
2.013603006980490444e-04
5.593341686056918184e-06
5.425541435475209799e-04
2.461070341865043967e-04
5.593341686056918184e-06
8.949346697691069094e-05
2.349203508143905383e-04
6.152675854662609917e-05
1.566135672095936922e-04
2.908537676749597218e-04
5.761141936638625822e-04
1.118668337211383637e-05
1.118668337211383535e-04
3.523805262215858481e-04
1.566135672095936922e-04
2.908537676749597218e-04
4.474673348845534140e-04
2.069536423841059601e-04
2.125469840701628757e-04
5.089940934311794861e-04
5.257741184893502872e-04
5.593341686056918184e-06
1.286468587793091140e-04
5.593341686056918184e-06
3.356005011634150741e-05
3.356005011634150741e-05
4.810273850008949079e-04
1.678002505817075370e-05
4.250939681403257515e-04
5.425541435475209799e-04
7.271344191873993046e-05
5.481474852335779498e-04
4.698407016287810766e-04
3.747538929658135107e-04
4.754340433148379922e-04
2.461070341865043967e-04
3.356005011634150741e-05
4.474673348845534547e-05
9.620547700017898158e-04
2.349203508143905383e-04
5.089940934311794861e-04
1.286468587793091140e-04
2.013603006980490444e-04
1.454268838374798609e-04
3.188204761052443000e-04
3.300071594773581313e-04
1.286468587793091140e-04
1.118668337211383637e-05
7.271344191873993046e-05
4.810273850008949079e-04
2.572937175586182280e-04
5.145874351172364559e-04
3.523805262215858481e-04
1.845802756398782975e-04
2.293270091283336227e-04
2.181403257562197914e-04
5.593341686056917675e-05
2.237336674422767070e-04
3.076337927331304688e-04
1.174601754071952691e-04
2.125469840701628757e-04
5.705208519778056124e-04
1.230535170932521983e-04
5.593341686056918184e-06
1.733935922677644662e-04
5.034007517451226111e-05
1.006801503490245222e-04
3.971272597100411732e-04
1.845802756398782975e-04
3.691605512797565950e-04
3.244138177913012157e-04
1.789869339538213819e-04
2.684804009307320593e-04
3.691605512797565950e-04
2.628870592446751436e-04
6.152675854662609917e-05
1.789869339538213819e-04
2.572937175586182280e-04
1.678002505817075235e-04
6.040809020941471062e-04
8.390012529085376174e-05
3.076337927331304688e-04
5.593341686056918184e-06
1.957669590119921288e-04
5.034007517451226111e-05
3.356005011634150470e-04
5.425541435475209799e-04
6.208609271523179074e-04
3.188204761052443000e-04
1.342402004653660296e-04
2.964471093610166375e-04
2.572937175586182280e-04
2.181403257562197914e-04
1.510202255235367766e-04
4.866207266869518777e-04
6.096742437802040761e-04
1.733935922677644662e-04
4.922140683730087934e-04
2.517003758725613123e-04
5.873008770359764135e-04
1.286468587793091140e-04
1.901736173259352132e-04
3.747538929658135107e-04
6.208609271523179074e-04
3.300071594773581313e-04
5.593341686056917675e-05
1.957669590119921288e-04
5.593341686056918184e-06
2.405136925004474539e-04
1.118668337211383637e-05
3.859405763379273420e-04
1.398335421514229453e-04
2.852604259889028062e-04
2.852604259889028062e-04
2.964471093610166375e-04
2.628870592446751436e-04
1.062734920350814379e-04
2.349203508143905383e-04
2.237336674422767273e-05
2.740737426167889749e-04
3.356005011634150741e-05
1.062734920350814379e-04
1.510202255235367766e-04
2.125469840701628757e-04
3.020404510470735531e-04
3.132271344191873844e-04
1.845802756398782975e-04
1.118668337211383637e-05
6.152675854662609917e-05
5.593341686056918184e-06
1.901736173259352132e-04
8.390012529085376174e-05
5.593341686056918184e-06
2.013603006980490444e-04
5.369608018614641185e-04
2.628870592446751436e-04
4.250939681403257515e-04
5.145874351172364559e-04
2.461070341865043967e-04
2.852604259889028062e-04
3.523805262215858481e-04
8.390012529085376174e-05
4.027206013960980889e-04
2.069536423841059601e-04
5.593341686056918184e-06
7.830678360479684610e-05
5.593341686056918184e-06
5.369608018614641185e-04
3.467871845355289325e-04
2.796670843028458905e-04
1.174601754071952691e-04
4.530606765706103297e-04
1.678002505817075235e-04
2.628870592446751436e-04
3.300071594773581313e-04
3.635672095936996794e-04
5.313674601754071487e-04
1.733935922677644662e-04
1.566135672095936922e-04
3.915339180239842576e-04
9.508680866296760658e-05
1.286468587793091140e-04
1.845802756398782975e-04
4.474673348845534547e-05
1.118668337211383637e-05
2.796670843028458838e-05
5.313674601754071487e-04
3.020404510470735531e-04
2.237336674422767070e-04
7.271344191873993046e-05
1.845802756398782975e-04
1.901736173259352132e-04
1.789869339538213819e-04
2.796670843028458905e-04
3.467871845355289325e-04
5.593341686056917675e-05
2.740737426167889749e-04
2.852604259889028062e-04
1.286468587793091140e-04
1.678002505817075235e-04
2.237336674422767070e-04
2.405136925004474539e-04
1.006801503490245222e-04
1.678002505817075370e-05
2.461070341865043967e-04
2.796670843028458905e-04
1.678002505817075235e-04
1.118668337211383637e-05
2.237336674422767273e-05
2.964471093610166375e-04
2.908537676749597218e-04
4.362806515124395827e-04
4.306873098263826671e-04
3.915339180239842305e-05
5.481474852335779498e-04
2.740737426167889749e-04
2.684804009307320593e-04
3.020404510470735531e-04
2.405136925004474539e-04
2.684804009307320593e-04
2.517003758725613123e-04
3.915339180239842576e-04
2.461070341865043967e-04
3.244138177913012157e-04
1.622069088956506078e-04
4.474673348845534547e-05
6.152675854662609917e-05
5.593341686056918184e-06
1.957669590119921288e-04
1.566135672095936922e-04
2.069536423841059601e-04
4.922140683730087934e-04
4.978074100590656548e-04
1.901736173259352132e-04
1.901736173259352132e-04
1.957669590119921288e-04
1.230535170932521983e-04
1.454268838374798609e-04
1.845802756398782975e-04
1.118668337211383535e-04
3.244138177913012157e-04
2.908537676749597218e-04
3.356005011634150470e-04
4.978074100590656548e-04
1.510202255235367766e-04
2.013603006980490444e-04
2.069536423841059601e-04
6.152675854662609917e-05
3.859405763379273420e-04
6.712010023268301481e-05
3.859405763379273420e-04
3.971272597100411732e-04
2.796670843028458838e-05
1.901736173259352132e-04
1.845802756398782975e-04
3.691605512797565950e-04
3.747538929658135107e-04
2.796670843028458838e-05
5.593341686056918184e-06
3.356005011634150470e-04
3.411938428494719626e-04
6.823876856989439252e-04
2.964471093610166375e-04
2.349203508143905383e-04
4.978074100590656548e-04
5.593341686056917675e-05
1.118668337211383637e-05
3.411938428494719626e-04
1.062734920350814379e-04
1.789869339538213819e-04
4.810273850008949079e-04
1.901736173259352132e-04
1.454268838374798609e-04
1.174601754071952691e-04
2.293270091283336227e-04
1.342402004653660296e-04
1.230535170932521983e-04
1.510202255235367766e-04
1.957669590119921288e-04
1.454268838374798609e-04
3.523805262215858481e-04
1.789869339538213819e-04
3.971272597100411732e-04
1.118668337211383637e-05
3.579738679076427637e-04
1.286468587793091140e-04
4.195006264542688358e-04
2.740737426167889749e-04
4.195006264542688358e-04
1.454268838374798609e-04
9.508680866296760658e-05
5.593341686056918184e-06
2.908537676749597218e-04
7.271344191873993046e-05
1.286468587793091140e-04
2.405136925004474539e-04
1.454268838374798609e-04
1.566135672095936922e-04
1.454268838374798609e-04
3.523805262215858481e-04
7.830678360479684610e-05
5.593341686056918184e-06
2.013603006980490444e-04
1.118668337211383637e-05
1.566135672095936922e-04
1.398335421514229453e-04
1.062734920350814379e-04
5.593341686056918184e-06
4.866207266869518777e-04
2.461070341865043967e-04
1.566135672095936922e-04
1.622069088956506078e-04
2.628870592446751436e-04
6.712010023268301481e-05
2.908537676749597218e-04
6.152675854662609917e-05
1.957669590119921288e-04
3.915339180239842305e-05
1.733935922677644662e-04
3.747538929658135107e-04
1.398335421514229453e-04
2.069536423841059601e-04
2.852604259889028062e-04
2.796670843028458838e-05
1.174601754071952691e-04
2.069536423841059601e-04
6.712010023268301481e-05
4.642473599427241610e-04
1.006801503490245222e-04
1.678002505817075235e-04
2.237336674422767273e-05
2.461070341865043967e-04
1.733935922677644662e-04
3.467871845355289325e-04
1.006801503490245222e-04
2.237336674422767273e-05
2.349203508143905383e-04
3.467871845355289325e-04
3.915339180239842305e-05
4.362806515124395827e-04
2.628870592446751436e-04
2.013603006980490444e-04
1.733935922677644662e-04
3.915339180239842305e-05
5.593341686056918184e-06
9.508680866296760658e-05
2.125469840701628757e-04
5.034007517451226111e-05
3.132271344191873844e-04
5.593341686056918184e-06
2.237336674422767273e-05
2.237336674422767070e-04
3.411938428494719626e-04
3.915339180239842305e-05
5.593341686056918184e-06
5.593341686056918184e-06
3.356005011634150741e-05
2.069536423841059601e-04
1.901736173259352132e-04
1.510202255235367766e-04
2.405136925004474539e-04
3.635672095936996794e-04
3.188204761052443000e-04
2.237336674422767273e-05
9.508680866296760658e-05
1.062734920350814379e-04
2.069536423841059601e-04
2.237336674422767070e-04
6.152675854662609917e-05
2.181403257562197914e-04
2.013603006980490444e-04
1.678002505817075370e-05
5.145874351172364559e-04
6.712010023268301481e-05
4.922140683730087934e-04
8.390012529085376174e-05
3.915339180239842305e-05
1.118668337211383535e-04
1.733935922677644662e-04
2.405136925004474539e-04
1.118668337211383535e-04
1.510202255235367766e-04
2.405136925004474539e-04
1.510202255235367766e-04
1.733935922677644662e-04
5.593341686056918184e-06
5.593341686056917675e-05
6.152675854662609917e-05
3.244138177913012157e-04
2.013603006980490444e-04
1.566135672095936922e-04
1.062734920350814379e-04
4.083139430821550045e-04
2.237336674422767070e-04
1.118668337211383535e-04
8.390012529085376174e-05
4.474673348845534140e-04
3.300071594773581313e-04
2.349203508143905383e-04
5.593341686056917675e-05
1.510202255235367766e-04
1.789869339538213819e-04
1.398335421514229453e-04
2.349203508143905383e-04
3.300071594773581313e-04
4.250939681403257515e-04
4.474673348845534547e-05
1.454268838374798609e-04
1.622069088956506078e-04
1.230535170932521983e-04
1.510202255235367766e-04
4.474673348845534140e-04
8.390012529085376174e-05
1.566135672095936922e-04
1.174601754071952691e-04
7.830678360479684610e-05
1.510202255235367766e-04
5.593341686056918184e-06
1.174601754071952691e-04
5.593341686056918184e-06
1.174601754071952691e-04
5.034007517451226111e-05
4.362806515124395827e-04
2.349203508143905383e-04
1.845802756398782975e-04
1.678002505817075235e-04
2.013603006980490444e-04
1.174601754071952691e-04
1.230535170932521983e-04
1.678002505817075370e-05
2.069536423841059601e-04
1.733935922677644662e-04
3.300071594773581313e-04
2.684804009307320593e-04
7.271344191873993046e-05
3.523805262215858481e-04
8.390012529085376174e-05
6.152675854662609917e-05
9.508680866296760658e-05
1.454268838374798609e-04
6.712010023268301481e-05
8.390012529085376174e-05
1.733935922677644662e-04
2.796670843028458838e-05
3.803472346518704263e-04
1.230535170932521983e-04
5.593341686056917675e-05
5.593341686056918184e-06
1.174601754071952691e-04
3.356005011634150741e-05
1.510202255235367766e-04
1.510202255235367766e-04
6.712010023268301481e-05
4.474673348845534547e-05
2.125469840701628757e-04
5.593341686056918184e-06
2.684804009307320593e-04
4.027206013960980889e-04
1.454268838374798609e-04
2.461070341865043967e-04
1.230535170932521983e-04
1.230535170932521983e-04
7.271344191873993046e-05
2.796670843028458905e-04
3.076337927331304688e-04
1.118668337211383535e-04
4.250939681403257515e-04
1.957669590119921288e-04
2.125469840701628757e-04
4.027206013960980889e-04
2.796670843028458838e-05
5.593341686056918184e-06
2.461070341865043967e-04
1.789869339538213819e-04
1.510202255235367766e-04
8.390012529085376174e-05
1.566135672095936922e-04
7.271344191873993046e-05
2.013603006980490444e-04
3.020404510470735531e-04
8.949346697691069094e-05
2.181403257562197914e-04
1.118668337211383535e-04
3.244138177913012157e-04
1.230535170932521983e-04
8.949346697691069094e-05
2.852604259889028062e-04
1.118668337211383637e-05
4.474673348845534547e-05
2.069536423841059601e-04
8.390012529085376174e-05
6.712010023268301481e-05
1.174601754071952691e-04
2.069536423841059601e-04
2.908537676749597218e-04
1.566135672095936922e-04
8.949346697691069094e-05
5.593341686056918184e-06
1.845802756398782975e-04
4.474673348845534547e-05
1.230535170932521983e-04
2.796670843028458905e-04
6.712010023268301481e-05
5.593341686056918184e-06
1.454268838374798609e-04
9.508680866296760658e-05
2.349203508143905383e-04
2.852604259889028062e-04
1.789869339538213819e-04
1.230535170932521983e-04
1.789869339538213819e-04
2.349203508143905383e-04
1.006801503490245222e-04
1.622069088956506078e-04
1.678002505817075235e-04
7.271344191873993046e-05
5.593341686056917675e-05
5.034007517451226111e-05
8.390012529085376174e-05
7.271344191873993046e-05
9.508680866296760658e-05
1.678002505817075370e-05
5.593341686056917675e-05
5.593341686056918184e-06
1.062734920350814379e-04
1.342402004653660296e-04
1.789869339538213819e-04
2.237336674422767273e-05
3.020404510470735531e-04
1.789869339538213819e-04
1.118668337211383637e-05
3.411938428494719626e-04
6.152675854662609917e-05
2.069536423841059601e-04
1.733935922677644662e-04
6.152675854662609917e-05
1.286468587793091140e-04
1.118668337211383535e-04
1.230535170932521983e-04
1.622069088956506078e-04
2.237336674422767070e-04
3.076337927331304688e-04
2.572937175586182280e-04
1.901736173259352132e-04
1.678002505817075370e-05
5.034007517451226111e-05
1.118668337211383637e-05
5.593341686056918184e-06
1.118668337211383637e-05
1.118668337211383535e-04
5.593341686056918184e-06
6.712010023268301481e-05
1.789869339538213819e-04
9.508680866296760658e-05
1.678002505817075235e-04
1.678002505817075370e-05
1.733935922677644662e-04
1.006801503490245222e-04
2.740737426167889749e-04
5.593341686056918184e-06
2.684804009307320593e-04
2.517003758725613123e-04
2.405136925004474539e-04
1.342402004653660296e-04
1.006801503490245222e-04
1.398335421514229453e-04
2.796670843028458905e-04
4.418739931984964984e-04
2.461070341865043967e-04
2.852604259889028062e-04
1.286468587793091140e-04
4.474673348845534547e-05
3.356005011634150741e-05
2.796670843028458838e-05
1.678002505817075370e-05
2.293270091283336227e-04
1.454268838374798609e-04
6.712010023268301481e-05
2.740737426167889749e-04
2.740737426167889749e-04
2.517003758725613123e-04
1.286468587793091140e-04
2.684804009307320593e-04
3.915339180239842305e-05
2.517003758725613123e-04
2.740737426167889749e-04
1.789869339538213819e-04
1.118668337211383535e-04
1.062734920350814379e-04
1.566135672095936922e-04
1.454268838374798609e-04
3.579738679076427637e-04
3.132271344191873844e-04
4.474673348845534547e-05
4.474673348845534547e-05
2.628870592446751436e-04
5.593341686056918184e-06
7.271344191873993046e-05
7.271344191873993046e-05
2.852604259889028062e-04
3.132271344191873844e-04
2.237336674422767070e-04
1.342402004653660296e-04
1.006801503490245222e-04
3.356005011634150741e-05
1.342402004653660296e-04
1.118668337211383637e-05
1.118668337211383535e-04
3.915339180239842305e-05
2.069536423841059601e-04
5.593341686056918184e-06
5.593341686056918184e-06
1.566135672095936922e-04
2.237336674422767273e-05
3.356005011634150741e-05
3.300071594773581313e-04
1.845802756398782975e-04
1.174601754071952691e-04
1.622069088956506078e-04
6.712010023268301481e-05
1.006801503490245222e-04
2.796670843028458905e-04
4.474673348845534547e-05
2.796670843028458838e-05
1.678002505817075370e-05
5.593341686056917675e-05
2.013603006980490444e-04
1.845802756398782975e-04
4.474673348845534547e-05
1.118668337211383535e-04
9.508680866296760658e-05
2.796670843028458838e-05
2.069536423841059601e-04
1.118668337211383637e-05
5.034007517451226247e-04
2.349203508143905383e-04
7.830678360479684610e-05
3.356005011634150741e-05
1.454268838374798609e-04
3.915339180239842305e-05
1.510202255235367766e-04
2.237336674422767273e-05
6.152675854662609917e-05
2.796670843028458838e-05
8.390012529085376174e-05
6.712010023268301481e-05
2.852604259889028062e-04
1.062734920350814379e-04
1.286468587793091140e-04
3.467871845355289325e-04
1.678002505817075370e-05
4.474673348845534547e-05
1.342402004653660296e-04
5.593341686056918184e-06
5.034007517451226111e-05
8.390012529085376174e-05
5.593341686056918184e-06
8.390012529085376174e-05
1.845802756398782975e-04
3.356005011634150741e-05
1.286468587793091140e-04
2.796670843028458905e-04
5.593341686056918184e-06
1.566135672095936922e-04
5.593341686056918184e-06
8.949346697691069094e-05
1.789869339538213819e-04
2.628870592446751436e-04
3.915339180239842305e-05
7.271344191873993046e-05
1.957669590119921288e-04
9.508680866296760658e-05
6.712010023268301481e-05
1.733935922677644662e-04
8.390012529085376174e-05
5.593341686056918184e-06
2.181403257562197914e-04
1.006801503490245222e-04
1.062734920350814379e-04
2.684804009307320593e-04
2.405136925004474539e-04
1.678002505817075370e-05
5.593341686056918184e-06
1.398335421514229453e-04
4.474673348845534547e-05
4.474673348845534547e-05
2.628870592446751436e-04
3.300071594773581313e-04
2.237336674422767273e-05
2.852604259889028062e-04
1.062734920350814379e-04
5.034007517451226111e-05
3.244138177913012157e-04
5.593341686056918184e-06
1.286468587793091140e-04
6.712010023268301481e-05
3.411938428494719626e-04
1.454268838374798609e-04
3.915339180239842305e-05
1.510202255235367766e-04
1.286468587793091140e-04
8.390012529085376174e-05
2.461070341865043967e-04
5.593341686056917675e-05
3.356005011634150741e-05
8.949346697691069094e-05
1.622069088956506078e-04
6.152675854662609917e-05
4.474673348845534547e-05
2.125469840701628757e-04
2.237336674422767273e-05
8.949346697691069094e-05
1.678002505817075235e-04
5.593341686056918184e-06
1.286468587793091140e-04
5.593341686056918184e-06
7.271344191873993046e-05
1.845802756398782975e-04
5.593341686056917675e-05
5.593341686056918184e-06
2.405136925004474539e-04
1.678002505817075235e-04
2.908537676749597218e-04
1.678002505817075370e-05
5.034007517451226111e-05
6.712010023268301481e-05
2.013603006980490444e-04
5.593341686056917675e-05
2.461070341865043967e-04
5.593341686056918184e-06
4.474673348845534547e-05
9.508680866296760658e-05
1.118668337211383637e-05
3.356005011634150741e-05
1.118668337211383637e-05
2.628870592446751436e-04
1.678002505817075370e-05
1.398335421514229453e-04
1.622069088956506078e-04
3.915339180239842305e-05
7.830678360479684610e-05
2.181403257562197914e-04
1.566135672095936922e-04
7.271344191873993046e-05
2.796670843028458905e-04
1.901736173259352132e-04
2.572937175586182280e-04
1.230535170932521983e-04
3.356005011634150741e-05
1.622069088956506078e-04
5.034007517451226111e-05
1.062734920350814379e-04
2.237336674422767273e-05
8.949346697691069094e-05
8.949346697691069094e-05
1.118668337211383535e-04
7.830678360479684610e-05
2.237336674422767070e-04
4.474673348845534547e-05
1.901736173259352132e-04
5.593341686056917675e-05
4.474673348845534547e-05
4.474673348845534547e-05
1.622069088956506078e-04
2.237336674422767273e-05
5.593341686056918184e-06
5.593341686056917675e-05
1.174601754071952691e-04
2.461070341865043967e-04
2.405136925004474539e-04
1.006801503490245222e-04
7.271344191873993046e-05
1.062734920350814379e-04
1.006801503490245222e-04
5.034007517451226111e-05
2.181403257562197914e-04
2.796670843028458838e-05
3.300071594773581313e-04
3.356005011634150741e-05
2.237336674422767273e-05
4.474673348845534547e-05
1.398335421514229453e-04
2.852604259889028062e-04
5.593341686056918184e-06
8.390012529085376174e-05
2.125469840701628757e-04
2.069536423841059601e-04
2.069536423841059601e-04
6.712010023268301481e-05
1.174601754071952691e-04
8.390012529085376174e-05
1.006801503490245222e-04
2.796670843028458838e-05
1.901736173259352132e-04
1.454268838374798609e-04
3.076337927331304688e-04
1.174601754071952691e-04
2.796670843028458838e-05
5.593341686056918184e-06
7.830678360479684610e-05
1.566135672095936922e-04
4.139072847682119202e-04
2.293270091283336227e-04
1.342402004653660296e-04
1.118668337211383637e-05
8.949346697691069094e-05
2.237336674422767273e-05
6.152675854662609917e-05
2.796670843028458905e-04
1.957669590119921288e-04
6.712010023268301481e-05
2.796670843028458838e-05
6.712010023268301481e-05
2.628870592446751436e-04
1.845802756398782975e-04
2.237336674422767070e-04
1.733935922677644662e-04
1.510202255235367766e-04
1.678002505817075370e-05
1.678002505817075370e-05
5.593341686056917675e-05
7.830678360479684610e-05
1.118668337211383637e-05
7.830678360479684610e-05
5.593341686056918184e-06
1.454268838374798609e-04
2.461070341865043967e-04
2.237336674422767273e-05
1.230535170932521983e-04
1.398335421514229453e-04
1.678002505817075235e-04
1.454268838374798609e-04
3.915339180239842305e-05
1.118668337211383637e-05
2.237336674422767273e-05
1.454268838374798609e-04
1.174601754071952691e-04
1.118668337211383637e-05
1.006801503490245222e-04
6.712010023268301481e-05
2.013603006980490444e-04
2.293270091283336227e-04
1.789869339538213819e-04
1.678002505817075370e-05
1.286468587793091140e-04
4.474673348845534547e-05
1.454268838374798609e-04
1.678002505817075370e-05
7.271344191873993046e-05
1.566135672095936922e-04
1.062734920350814379e-04
1.174601754071952691e-04
5.593341686056918184e-06
1.174601754071952691e-04
7.271344191873993046e-05
7.271344191873993046e-05
1.622069088956506078e-04
1.678002505817075370e-05
7.271344191873993046e-05
9.508680866296760658e-05
3.188204761052443000e-04
1.678002505817075370e-05
5.034007517451226111e-05
1.118668337211383637e-05
5.034007517451226111e-05
5.593341686056917675e-05
3.915339180239842305e-05
1.118668337211383637e-05
3.076337927331304688e-04
1.342402004653660296e-04
3.467871845355289325e-04
1.006801503490245222e-04
2.796670843028458838e-05
1.006801503490245222e-04
2.740737426167889749e-04
1.957669590119921288e-04
2.461070341865043967e-04
1.510202255235367766e-04
2.293270091283336227e-04
6.152675854662609917e-05
6.712010023268301481e-05
8.390012529085376174e-05
8.390012529085376174e-05
1.454268838374798609e-04
1.845802756398782975e-04
1.454268838374798609e-04
2.517003758725613123e-04
1.118668337211383637e-05
1.678002505817075370e-05
3.356005011634150741e-05
3.132271344191873844e-04
1.678002505817075370e-05
1.789869339538213819e-04
1.789869339538213819e-04
2.796670843028458838e-05
2.517003758725613123e-04
2.517003758725613123e-04
3.356005011634150741e-05
5.593341686056918184e-06
6.712010023268301481e-05
3.635672095936996794e-04
7.830678360479684610e-05
5.593341686056918184e-06
5.593341686056918184e-06
3.020404510470735531e-04
1.678002505817075370e-05
2.237336674422767070e-04
1.622069088956506078e-04
5.034007517451226111e-05
3.076337927331304688e-04
3.356005011634150741e-05
2.572937175586182280e-04
1.398335421514229453e-04
8.949346697691069094e-05
1.286468587793091140e-04
1.454268838374798609e-04
2.908537676749597218e-04
9.508680866296760658e-05
1.678002505817075235e-04
1.789869339538213819e-04
8.390012529085376174e-05
2.013603006980490444e-04
2.237336674422767273e-05
6.712010023268301481e-05
6.152675854662609917e-05
1.454268838374798609e-04
5.034007517451226111e-05
6.712010023268301481e-05
4.474673348845534547e-05
1.622069088956506078e-04
6.152675854662609917e-05
1.118668337211383535e-04
8.390012529085376174e-05
1.230535170932521983e-04
2.181403257562197914e-04
5.593341686056918184e-06
7.271344191873993046e-05
5.593341686056918184e-06
1.062734920350814379e-04
2.964471093610166375e-04
3.915339180239842305e-05
2.405136925004474539e-04
6.712010023268301481e-05
1.398335421514229453e-04
1.230535170932521983e-04
2.237336674422767273e-05
3.356005011634150741e-05
3.915339180239842305e-05
3.076337927331304688e-04
2.852604259889028062e-04
1.006801503490245222e-04
3.467871845355289325e-04
1.286468587793091140e-04
4.474673348845534547e-05
1.678002505817075370e-05
1.901736173259352132e-04
2.069536423841059601e-04
2.796670843028458838e-05
1.118668337211383535e-04
5.593341686056918184e-06
3.356005011634150741e-05
1.454268838374798609e-04
6.712010023268301481e-05
1.118668337211383637e-05
5.593341686056918184e-06
1.230535170932521983e-04
5.593341686056917675e-05
5.593341686056918184e-06
1.286468587793091140e-04
4.474673348845534547e-05
1.510202255235367766e-04
7.271344191873993046e-05
2.237336674422767070e-04
4.474673348845534547e-05
2.517003758725613123e-04
2.796670843028458838e-05
1.566135672095936922e-04
6.152675854662609917e-05
8.949346697691069094e-05
1.118668337211383637e-05
4.474673348845534547e-05
9.508680866296760658e-05
5.593341686056917675e-05
1.118668337211383535e-04
1.901736173259352132e-04
2.237336674422767070e-04
6.712010023268301481e-05
6.152675854662609917e-05
9.508680866296760658e-05
2.796670843028458838e-05
1.118668337211383637e-05
5.593341686056918184e-06
2.796670843028458838e-05
1.566135672095936922e-04
1.398335421514229453e-04
5.593341686056917675e-05
4.474673348845534547e-05
1.174601754071952691e-04
5.593341686056918184e-06
5.593341686056918184e-06
5.593341686056917675e-05
3.915339180239842305e-05
5.593341686056918184e-06
4.474673348845534547e-05
1.957669590119921288e-04
1.789869339538213819e-04
2.069536423841059601e-04
7.271344191873993046e-05
2.013603006980490444e-04
1.566135672095936922e-04
5.593341686056918184e-06
1.174601754071952691e-04
7.271344191873993046e-05
5.593341686056918184e-06
8.949346697691069094e-05
1.678002505817075235e-04
2.125469840701628757e-04
1.957669590119921288e-04
8.390012529085376174e-05
1.398335421514229453e-04
2.069536423841059601e-04
2.852604259889028062e-04
1.789869339538213819e-04
6.152675854662609917e-05
2.237336674422767273e-05
1.286468587793091140e-04
1.454268838374798609e-04
5.593341686056918184e-06
5.593341686056918184e-06
1.118668337211383535e-04
1.454268838374798609e-04
6.152675854662609917e-05
7.271344191873993046e-05
1.286468587793091140e-04
9.508680866296760658e-05
8.949346697691069094e-05
5.593341686056918184e-06
5.593341686056918184e-06
1.342402004653660296e-04
5.593341686056918184e-06
1.510202255235367766e-04
1.230535170932521983e-04
5.593341686056918184e-06
1.118668337211383637e-05
2.796670843028458838e-05
2.405136925004474539e-04
7.830678360479684610e-05
2.796670843028458905e-04
3.915339180239842305e-05
4.474673348845534547e-05
9.508680866296760658e-05
1.118668337211383637e-05
1.118668337211383535e-04
7.830678360479684610e-05
8.390012529085376174e-05
1.789869339538213819e-04
1.174601754071952691e-04
1.286468587793091140e-04
1.678002505817075370e-05
1.845802756398782975e-04
2.237336674422767273e-05
5.034007517451226111e-05
5.034007517451226111e-05
5.593341686056918184e-06
2.740737426167889749e-04
1.174601754071952691e-04
2.293270091283336227e-04
7.830678360479684610e-05
5.593341686056918184e-06
1.230535170932521983e-04
5.034007517451226111e-05
7.271344191873993046e-05
3.356005011634150741e-05
1.678002505817075370e-05
5.593341686056918184e-06
3.356005011634150741e-05
1.622069088956506078e-04
2.349203508143905383e-04
8.390012529085376174e-05
1.174601754071952691e-04
1.789869339538213819e-04
1.678002505817075235e-04
3.356005011634150741e-05
1.118668337211383637e-05
5.593341686056918184e-06
1.622069088956506078e-04
2.125469840701628757e-04
1.286468587793091140e-04
3.356005011634150741e-05
5.593341686056918184e-06
5.593341686056918184e-06
2.684804009307320593e-04
1.230535170932521983e-04
8.949346697691069094e-05
5.593341686056918184e-06
5.593341686056918184e-06
1.174601754071952691e-04
8.949346697691069094e-05
2.237336674422767273e-05
8.390012529085376174e-05
5.034007517451226111e-05
6.712010023268301481e-05
5.593341686056917675e-05
2.237336674422767273e-05
2.796670843028458905e-04
1.678002505817075235e-04
1.174601754071952691e-04
3.915339180239842305e-05
1.174601754071952691e-04
1.006801503490245222e-04
1.286468587793091140e-04
2.572937175586182280e-04
5.593341686056917675e-05
1.006801503490245222e-04
7.271344191873993046e-05
4.474673348845534547e-05
4.474673348845534547e-05
1.118668337211383637e-05
1.566135672095936922e-04
1.286468587793091140e-04
8.390012529085376174e-05
1.118668337211383535e-04
5.593341686056918184e-06
1.118668337211383637e-05
1.286468587793091140e-04
3.356005011634150741e-05
7.830678360479684610e-05
5.593341686056918184e-06
6.712010023268301481e-05
5.593341686056917675e-05
1.678002505817075370e-05
9.508680866296760658e-05
5.593341686056918184e-06
1.454268838374798609e-04
1.342402004653660296e-04
1.118668337211383637e-05
2.237336674422767273e-05
6.152675854662609917e-05
9.508680866296760658e-05
1.510202255235367766e-04
6.712010023268301481e-05
1.733935922677644662e-04
1.678002505817075370e-05
1.957669590119921288e-04
2.796670843028458838e-05
1.510202255235367766e-04
6.712010023268301481e-05
1.286468587793091140e-04
7.271344191873993046e-05
5.593341686056917675e-05
1.678002505817075370e-05
9.508680866296760658e-05
4.474673348845534547e-05
5.593341686056918184e-06
1.733935922677644662e-04
2.237336674422767273e-05
7.271344191873993046e-05
1.398335421514229453e-04
4.474673348845534547e-05
1.230535170932521983e-04
5.593341686056918184e-06
1.566135672095936922e-04
1.678002505817075370e-05
5.034007517451226111e-05
3.356005011634150741e-05
1.678002505817075370e-05
3.356005011634150741e-05
1.398335421514229453e-04
2.237336674422767070e-04
6.152675854662609917e-05
1.957669590119921288e-04
1.174601754071952691e-04
9.508680866296760658e-05
3.915339180239842305e-05
6.712010023268301481e-05
2.013603006980490444e-04
2.796670843028458838e-05
1.678002505817075370e-05
1.678002505817075235e-04
5.593341686056918184e-06
1.454268838374798609e-04
2.237336674422767070e-04
1.454268838374798609e-04
2.237336674422767273e-05
1.174601754071952691e-04
1.174601754071952691e-04
7.830678360479684610e-05
1.454268838374798609e-04
6.152675854662609917e-05
3.356005011634150741e-05
6.712010023268301481e-05
2.181403257562197914e-04
8.949346697691069094e-05
5.593341686056918184e-06
8.390012529085376174e-05
1.118668337211383637e-05
1.230535170932521983e-04
6.712010023268301481e-05
1.678002505817075370e-05
1.174601754071952691e-04
1.174601754071952691e-04
2.237336674422767273e-05
1.006801503490245222e-04
1.622069088956506078e-04
5.593341686056918184e-06
1.678002505817075370e-05
1.006801503490245222e-04
4.474673348845534547e-05
5.593341686056918184e-06
2.237336674422767070e-04
1.342402004653660296e-04
6.152675854662609917e-05
6.712010023268301481e-05
6.712010023268301481e-05
3.915339180239842305e-05
1.174601754071952691e-04
1.118668337211383535e-04
7.271344191873993046e-05
3.915339180239842305e-05
5.593341686056917675e-05
9.508680866296760658e-05
1.678002505817075370e-05
8.390012529085376174e-05
6.712010023268301481e-05
1.789869339538213819e-04
8.949346697691069094e-05
5.593341686056918184e-06
1.118668337211383637e-05
6.152675854662609917e-05
3.356005011634150741e-05
1.678002505817075370e-05
2.237336674422767273e-05
1.566135672095936922e-04
3.356005011634150741e-05
1.342402004653660296e-04
1.286468587793091140e-04
1.901736173259352132e-04
2.349203508143905383e-04
9.508680866296760658e-05
1.454268838374798609e-04
1.678002505817075370e-05
2.796670843028458838e-05
2.069536423841059601e-04
3.356005011634150741e-05
5.593341686056918184e-06
1.062734920350814379e-04
2.237336674422767273e-05
1.062734920350814379e-04
2.293270091283336227e-04
3.915339180239842305e-05
5.593341686056918184e-06
7.271344191873993046e-05
5.034007517451226111e-05
1.678002505817075370e-05
5.593341686056917675e-05
8.390012529085376174e-05
1.454268838374798609e-04
1.901736173259352132e-04
3.915339180239842305e-05
5.593341686056918184e-06
1.678002505817075370e-05
1.678002505817075370e-05
1.678002505817075370e-05
5.593341686056918184e-06
1.230535170932521983e-04
7.271344191873993046e-05
2.237336674422767070e-04
1.566135672095936922e-04
1.733935922677644662e-04
1.454268838374798609e-04
5.034007517451226111e-05
1.118668337211383637e-05
1.454268838374798609e-04
1.118668337211383637e-05
5.593341686056918184e-06
5.593341686056918184e-06
5.593341686056918184e-06
2.237336674422767273e-05
7.830678360479684610e-05
1.286468587793091140e-04
2.461070341865043967e-04
1.622069088956506078e-04
6.712010023268301481e-05
2.796670843028458838e-05
2.684804009307320593e-04
2.069536423841059601e-04
5.593341686056918184e-06
1.566135672095936922e-04
1.957669590119921288e-04
5.593341686056918184e-06
5.593341686056918184e-06
8.390012529085376174e-05
8.949346697691069094e-05
7.271344191873993046e-05
5.593341686056918184e-06
1.006801503490245222e-04
1.454268838374798609e-04
1.006801503490245222e-04
4.474673348845534547e-05
1.622069088956506078e-04
2.796670843028458838e-05
4.474673348845534547e-05
1.062734920350814379e-04
1.398335421514229453e-04
2.405136925004474539e-04
1.678002505817075235e-04
1.230535170932521983e-04
1.286468587793091140e-04
1.398335421514229453e-04
6.712010023268301481e-05
3.356005011634150741e-05
1.678002505817075370e-05
5.034007517451226111e-05
6.152675854662609917e-05
3.356005011634150741e-05
7.271344191873993046e-05
1.398335421514229453e-04
3.915339180239842305e-05
5.593341686056918184e-06
1.622069088956506078e-04
1.678002505817075370e-05
3.356005011634150741e-05
9.508680866296760658e-05
8.390012529085376174e-05
4.474673348845534547e-05
2.796670843028458838e-05
1.118668337211383637e-05
5.593341686056918184e-06
5.034007517451226111e-05
2.572937175586182280e-04
1.789869339538213819e-04
5.593341686056918184e-06
1.678002505817075370e-05
3.356005011634150741e-05
2.237336674422767273e-05
5.593341686056917675e-05
7.271344191873993046e-05
2.796670843028458838e-05
5.593341686056918184e-06
6.152675854662609917e-05
5.593341686056918184e-06
5.593341686056918184e-06
9.508680866296760658e-05
3.356005011634150741e-05
7.830678360479684610e-05
2.796670843028458838e-05
2.237336674422767273e-05
1.006801503490245222e-04
5.593341686056918184e-06
9.508680866296760658e-05
1.510202255235367766e-04
1.789869339538213819e-04
2.237336674422767273e-05
1.678002505817075370e-05
1.118668337211383535e-04
2.237336674422767273e-05
1.789869339538213819e-04
1.006801503490245222e-04
1.957669590119921288e-04
1.118668337211383535e-04
3.915339180239842305e-05
3.915339180239842305e-05
5.034007517451226111e-05
5.593341686056918184e-06
1.845802756398782975e-04
1.510202255235367766e-04
5.034007517451226111e-05
7.830678360479684610e-05
8.949346697691069094e-05
1.286468587793091140e-04
5.593341686056918184e-06
3.356005011634150741e-05
4.474673348845534547e-05
1.901736173259352132e-04
5.034007517451226111e-05
1.286468587793091140e-04
5.593341686056917675e-05
5.593341686056918184e-06
8.949346697691069094e-05
1.957669590119921288e-04
4.474673348845534547e-05
1.733935922677644662e-04
3.356005011634150741e-05
1.342402004653660296e-04
5.593341686056918184e-06
4.474673348845534547e-05
5.593341686056918184e-06
1.733935922677644662e-04
6.152675854662609917e-05
8.390012529085376174e-05
1.678002505817075370e-05
6.712010023268301481e-05
2.796670843028458838e-05
5.593341686056918184e-06
1.006801503490245222e-04
1.398335421514229453e-04
5.593341686056917675e-05
4.474673348845534547e-05
1.678002505817075370e-05
5.593341686056917675e-05
7.830678360479684610e-05
1.510202255235367766e-04
1.510202255235367766e-04
5.593341686056918184e-06
2.796670843028458838e-05
7.271344191873993046e-05
8.390012529085376174e-05
5.593341686056918184e-06
5.034007517451226111e-05
8.949346697691069094e-05
6.152675854662609917e-05
1.062734920350814379e-04
2.796670843028458838e-05
2.796670843028458838e-05
1.118668337211383535e-04
7.830678360479684610e-05
5.593341686056918184e-06
6.712010023268301481e-05
3.356005011634150741e-05
2.237336674422767273e-05
6.712010023268301481e-05
7.271344191873993046e-05
3.915339180239842305e-05
1.454268838374798609e-04
1.342402004653660296e-04
3.915339180239842305e-05
6.712010023268301481e-05
1.118668337211383637e-05
3.915339180239842305e-05
1.006801503490245222e-04
7.830678360479684610e-05
3.915339180239842305e-05
6.152675854662609917e-05
8.949346697691069094e-05
1.845802756398782975e-04
1.006801503490245222e-04
1.062734920350814379e-04
1.398335421514229453e-04
1.118668337211383637e-05
5.593341686056918184e-06
5.593341686056917675e-05
7.271344191873993046e-05
1.678002505817075370e-05
3.915339180239842305e-05
3.915339180239842305e-05
1.566135672095936922e-04
6.712010023268301481e-05
2.796670843028458838e-05
1.845802756398782975e-04
5.034007517451226111e-05
3.915339180239842305e-05
2.237336674422767273e-05
1.118668337211383637e-05
1.118668337211383637e-05
2.237336674422767273e-05
1.342402004653660296e-04
1.678002505817075370e-05
1.398335421514229453e-04
2.796670843028458838e-05
1.678002505817075370e-05
5.593341686056918184e-06
1.678002505817075370e-05
3.915339180239842305e-05
8.390012529085376174e-05
2.237336674422767273e-05
1.398335421514229453e-04
1.678002505817075370e-05
3.356005011634150741e-05
5.034007517451226111e-05
1.566135672095936922e-04
5.593341686056918184e-06
5.593341686056917675e-05
5.593341686056917675e-05
5.593341686056918184e-06
1.118668337211383637e-05
7.830678360479684610e-05
5.593341686056918184e-06
1.845802756398782975e-04
3.915339180239842305e-05
2.796670843028458838e-05
5.593341686056918184e-06
7.830678360479684610e-05
5.593341686056917675e-05
5.034007517451226111e-05
1.118668337211383637e-05
9.508680866296760658e-05
1.510202255235367766e-04
1.006801503490245222e-04
5.034007517451226111e-05
1.230535170932521983e-04
5.593341686056918184e-06
1.062734920350814379e-04
8.390012529085376174e-05
5.593341686056918184e-06
1.118668337211383637e-05
1.733935922677644662e-04
1.398335421514229453e-04
3.915339180239842305e-05
5.593341686056918184e-06
3.915339180239842305e-05
6.712010023268301481e-05
1.118668337211383637e-05
3.356005011634150741e-05
1.062734920350814379e-04
5.593341686056918184e-06
5.593341686056918184e-06
3.356005011634150741e-05
1.062734920350814379e-04
6.712010023268301481e-05
1.678002505817075370e-05
1.062734920350814379e-04
4.474673348845534547e-05
5.593341686056918184e-06
1.062734920350814379e-04
1.006801503490245222e-04
5.593341686056918184e-06
8.949346697691069094e-05
5.593341686056918184e-06
1.678002505817075370e-05
9.508680866296760658e-05
2.237336674422767273e-05
5.593341686056918184e-06
1.901736173259352132e-04
7.271344191873993046e-05
1.118668337211383637e-05
4.474673348845534547e-05
3.915339180239842305e-05
5.593341686056917675e-05
6.712010023268301481e-05
8.949346697691069094e-05
1.622069088956506078e-04
5.593341686056918184e-06
1.566135672095936922e-04
1.118668337211383535e-04
3.915339180239842305e-05
8.949346697691069094e-05
7.271344191873993046e-05
2.796670843028458838e-05
5.593341686056918184e-06
5.593341686056918184e-06
2.796670843028458838e-05
1.678002505817075370e-05
5.593341686056917675e-05
6.712010023268301481e-05
5.593341686056917675e-05
1.230535170932521983e-04
3.915339180239842305e-05
1.118668337211383637e-05
1.118668337211383637e-05
1.678002505817075370e-05
2.796670843028458838e-05
6.712010023268301481e-05
1.510202255235367766e-04
5.593341686056918184e-06
5.593341686056917675e-05
6.152675854662609917e-05
1.118668337211383535e-04
1.230535170932521983e-04
3.915339180239842305e-05
6.152675854662609917e-05
7.830678360479684610e-05
5.593341686056918184e-06
2.628870592446751436e-04
6.712010023268301481e-05
6.152675854662609917e-05
7.271344191873993046e-05
2.405136925004474539e-04
1.622069088956506078e-04
8.949346697691069094e-05
1.006801503490245222e-04
8.949346697691069094e-05
1.678002505817075370e-05
1.398335421514229453e-04
1.678002505817075235e-04
1.789869339538213819e-04
1.510202255235367766e-04
6.712010023268301481e-05
1.230535170932521983e-04
5.034007517451226111e-05
1.006801503490245222e-04
8.949346697691069094e-05
1.342402004653660296e-04
3.356005011634150741e-05
5.593341686056918184e-06
1.678002505817075370e-05
2.628870592446751436e-04
1.118668337211383535e-04
7.271344191873993046e-05
1.118668337211383637e-05
9.508680866296760658e-05
9.508680866296760658e-05
5.593341686056917675e-05
1.174601754071952691e-04
1.454268838374798609e-04
5.593341686056917675e-05
5.034007517451226111e-05
7.830678360479684610e-05
5.593341686056918184e-06
8.949346697691069094e-05
1.230535170932521983e-04
1.118668337211383637e-05
1.678002505817075370e-05
5.593341686056918184e-06
1.678002505817075370e-05
6.712010023268301481e-05
1.678002505817075370e-05
5.593341686056918184e-06
1.678002505817075370e-05
3.915339180239842305e-05
8.390012529085376174e-05
1.062734920350814379e-04
1.118668337211383535e-04
1.286468587793091140e-04
2.517003758725613123e-04
3.915339180239842305e-05
1.118668337211383535e-04
1.678002505817075370e-05
2.237336674422767273e-05
5.593341686056917675e-05
4.474673348845534547e-05
2.796670843028458838e-05
1.118668337211383637e-05
1.566135672095936922e-04
6.152675854662609917e-05
1.118668337211383637e-05
1.510202255235367766e-04
1.454268838374798609e-04
6.712010023268301481e-05
1.566135672095936922e-04
1.118668337211383637e-05
1.062734920350814379e-04
3.915339180239842305e-05
3.356005011634150741e-05
1.678002505817075235e-04
1.230535170932521983e-04
5.034007517451226111e-05
3.356005011634150741e-05
1.118668337211383535e-04
2.237336674422767273e-05
1.286468587793091140e-04
5.593341686056918184e-06
8.949346697691069094e-05
1.678002505817075370e-05
1.286468587793091140e-04
1.678002505817075370e-05
1.230535170932521983e-04
6.152675854662609917e-05
1.398335421514229453e-04
1.398335421514229453e-04
1.622069088956506078e-04
1.062734920350814379e-04
7.830678360479684610e-05
5.593341686056917675e-05
6.152675854662609917e-05
2.796670843028458838e-05
5.593341686056918184e-06
5.593341686056918184e-06
6.152675854662609917e-05
1.006801503490245222e-04
1.118668337211383535e-04
1.118668337211383637e-05
1.566135672095936922e-04
1.454268838374798609e-04
1.118668337211383637e-05
8.390012529085376174e-05
1.230535170932521983e-04
