1.757160592459396098e-02
8.222132676804968024e-03
7.593244341751896609e-03
6.875845796580244695e-03
6.659228703395298279e-03
6.421648665708582296e-03
6.167764115631601575e-03
4.926291957915724350e-03
4.742283889511307408e-03
4.544300524772377711e-03
4.637469167002462173e-03
4.439485802263532475e-03
4.371938536646720677e-03
4.416193641706010926e-03
4.041189856729920232e-03
4.132029282904252712e-03
4.136687715015757542e-03
3.840877275935238554e-03
3.556712917133480339e-03
3.288853070721987296e-03
3.160746187655620945e-03
3.510128596018438109e-03
3.258573261997209803e-03
3.170063051878629305e-03
3.181709132157389645e-03
2.890557125188375487e-03
3.158416971599868530e-03
2.986054983474211930e-03
2.974408903195451589e-03
2.694902976505197771e-03
2.934812230247665736e-03
2.687915328337941393e-03
2.997701063752972704e-03
3.088540489927305184e-03
2.799717699014043007e-03
2.538845500769805908e-03
2.347849784198132589e-03
2.797388482958290592e-03
2.622697278776882010e-03
2.713536704951214490e-03
2.566796093438831420e-03
2.685586112282188978e-03
2.289619382804329584e-03
2.352508216309636552e-03
2.662293951724667863e-03
2.280302518581321224e-03
2.413067833759191538e-03
2.366483512644149308e-03
2.489931963599011696e-03
2.382788025034414045e-03
2.450335290651225410e-03
2.513224124156532811e-03
2.415397049814943953e-03
2.427043130093704294e-03
2.289619382804329584e-03
2.331545271807867418e-03
2.382788025034414045e-03
2.252351925912295712e-03
2.205767604797253482e-03
2.236047413522030975e-03
2.259339574079552090e-03
2.154524851570706855e-03
2.163841715793715214e-03
2.182475444239732366e-03
2.121915826790177380e-03
2.079989937786639112e-03
1.963529134999033535e-03
2.154524851570706855e-03
2.156854067626458836e-03
2.028747184560092485e-03
1.909957165716734710e-03
1.849397548267179723e-03
1.977504431333545858e-03
2.145207987347698495e-03
2.019430320337084125e-03
2.014771888225579729e-03
1.877348140936205018e-03
1.986821295556554651e-03
2.049710129061861619e-03
1.819117739542402230e-03
1.861043628545940281e-03
1.898311085437974152e-03
1.928590894162751646e-03
1.809800875319393654e-03
1.893652653326469973e-03
1.791167146873376935e-03
1.700327720699044238e-03
1.828434603765410589e-03
1.788837930817624737e-03
1.581537701855686463e-03
1.539611812852148412e-03
1.621134374803472316e-03
1.691010856476035879e-03
1.730607529423821732e-03
1.635109671137985072e-03
1.574550053688430085e-03
1.516319652294627297e-03
1.600171430301703399e-03
1.590854566078694823e-03
1.751570473925590865e-03
1.523307300461883458e-03
1.586196133967190643e-03
1.495356707792858163e-03
1.516319652294627297e-03
1.439455522454807356e-03
1.460418466956576490e-03
1.583866917911438445e-03
1.562903973409669528e-03
1.507002788071618721e-03
1.583866917911438445e-03
1.555916325242413150e-03
1.539611812852148412e-03
1.476722979346841227e-03
1.465076899068080670e-03
1.444113954566311536e-03
1.453430818789320112e-03
1.355603744447731254e-03
1.465076899068080670e-03
1.465076899068080670e-03
1.371908256837995992e-03
1.378895905005252370e-03
1.537282596796396214e-03
1.374237472893748190e-03
1.343957664168970697e-03
1.406846497674277665e-03
1.448772386677815932e-03
1.367249824726491812e-03
1.527965732573387855e-03
1.278739614607911313e-03
1.371908256837995992e-03
1.392871201339765126e-03
1.367249824726491812e-03
1.278739614607911313e-03
1.332311583890210139e-03
1.371908256837995992e-03
1.257776670106142396e-03
1.185570972377826852e-03
1.320665503611449581e-03
1.225167645325612705e-03
1.304360991221184627e-03
1.187900188433578834e-03
1.260105886161894595e-03
1.243801373771629640e-03
1.229826077437116884e-03
1.246130589827381839e-03
1.276410398552159332e-03
1.232155293492869083e-03
1.229826077437116884e-03
1.290385694886672088e-03
1.299702559109680447e-03
1.248459805883133820e-03
1.262435102217646576e-03
1.150632731541544962e-03
1.211192348991100166e-03
1.227496861381364903e-03
1.138986651262784405e-03
1.285727262775167691e-03
1.295044126998176268e-03
1.213521565046852147e-03
9.619662310256237329e-04
1.206533916879595769e-03
1.180912540266322456e-03
1.159949595764553539e-03
1.176254108154818276e-03
1.288056478830919890e-03
1.250789021938886018e-03
1.197217052656587410e-03
1.215850781102604345e-03
1.120352922816767469e-03
1.069110169590221059e-03
1.173924892099066294e-03
1.134328219151280225e-03
1.176254108154818276e-03
1.131999003095528243e-03
1.173924892099066294e-03
1.036501144809691367e-03
1.145974299430040783e-03
1.050476441144204123e-03
1.108706842538006911e-03
1.094731546203494372e-03
1.104048410426502732e-03
1.120352922816767469e-03
1.001562903973409694e-03
1.097060762259246354e-03
1.122682138872519667e-03
1.097060762259246354e-03
1.085414681980485796e-03
1.104048410426502732e-03
1.059793305367212482e-03
1.052805657199956104e-03
1.013208984252170252e-03
1.036501144809691367e-03
9.573077989141194448e-04
1.034171928753939386e-03
1.125011354928271866e-03
1.038830360865443565e-03
1.031842712698187187e-03
1.090073114091989976e-03
1.059793305367212482e-03
1.104048410426502732e-03
9.130526938548293040e-04
9.875876076388969381e-04
1.038830360865443565e-03
9.992336879176574958e-04
1.131999003095528243e-03
8.385177800707615614e-04
9.712830952486322007e-04
9.619662310256237329e-04
1.031842712698187187e-03
9.782707434158885787e-04
1.043488792976947745e-03
9.619662310256237329e-04
8.944189654088123683e-04
1.087743898036237994e-03
1.006221336084913874e-03
1.003892120029161892e-03
8.152256195132404461e-04
9.619662310256237329e-04
1.062122521422964681e-03
9.433325025796067973e-04
9.107234777990772141e-04
9.852583915831449567e-04
9.130526938548293040e-04
1.001562903973409694e-03
9.200403420220855735e-04
8.851021011858039005e-04
8.548222924610264072e-04
9.153819099105813938e-04
9.503201507468631752e-04
8.827728851300518107e-04
9.805999594716405601e-04
9.363448544123504193e-04
8.827728851300518107e-04
8.804436690742996124e-04
9.433325025796067973e-04
8.874313172415559904e-04
8.967481814645644582e-04
8.105671874017361580e-04
9.573077989141194448e-04
7.849458107884629528e-04
8.990773975203165480e-04
9.037358296318208362e-04
9.083942617433250159e-04
9.526493668026152651e-04
8.524930764052743174e-04
9.503201507468631752e-04
8.501638603495221191e-04
8.687975887955390547e-04
9.712830952486322007e-04
8.804436690742996124e-04
9.153819099105813938e-04
8.874313172415559904e-04
9.060650456875729260e-04
8.827728851300518107e-04
8.198840516247446258e-04
8.851021011858039005e-04
7.965918910672235105e-04
8.734560209070433429e-04
8.757852369627954327e-04
8.548222924610264072e-04
8.967481814645644582e-04
8.501638603495221191e-04
8.292009158477530936e-04
8.874313172415559904e-04
8.315301319035051835e-04
8.105671874017361580e-04
8.408469961265136513e-04
9.340156383565983295e-04
7.849458107884629528e-04
7.732997305097023951e-04
8.851021011858039005e-04
8.198840516247446258e-04
8.501638603495221191e-04
8.082379713459840681e-04
7.896042428999671325e-04
7.779581626212065748e-04
7.243861933389079662e-04
7.826165947327108630e-04
7.569952181194375494e-04
7.173985451716515882e-04
8.198840516247446258e-04
7.430199217849249018e-04
8.082379713459840681e-04
7.127401130601473001e-04
7.057524648928910306e-04
7.173985451716515882e-04
8.268716997920010038e-04
8.128964034574883563e-04
7.849458107884629528e-04
8.059087552902319783e-04
8.198840516247446258e-04
7.383614896734206137e-04
8.105671874017361580e-04
7.360322736176685239e-04
8.035795392344798884e-04
7.453491378406769917e-04
7.779581626212065748e-04
7.639828662866939273e-04
7.616536502309417291e-04
7.476783538964290815e-04
7.430199217849249018e-04
7.523367860079332612e-04
7.500075699521811714e-04
6.824603043353698068e-04
7.569952181194375494e-04
7.546660020636854595e-04
7.779581626212065748e-04
7.732997305097023951e-04
7.942626750114714206e-04
7.360322736176685239e-04
7.430199217849249018e-04
7.383614896734206137e-04
7.709705144539501969e-04
7.360322736176685239e-04
7.243861933389079662e-04
9.340156383565983295e-04
7.104108970043952103e-04
7.546660020636854595e-04
6.894479525026261848e-04
6.847895203911220051e-04
6.801310882796177170e-04
6.708142240566092492e-04
6.358759832203275762e-04
7.616536502309417291e-04
6.941063846141304729e-04
6.684850080008571593e-04
7.383614896734206137e-04
7.173985451716515882e-04
7.173985451716515882e-04
6.824603043353698068e-04
7.430199217849249018e-04
7.313738415061642358e-04
7.104108970043952103e-04
6.871187364468740949e-04
6.195714708300627304e-04
7.406907057291727036e-04
6.382051992760796660e-04
7.104108970043952103e-04
7.173985451716515882e-04
7.220569772831557679e-04
6.451928474433360440e-04
6.987648167256346526e-04
6.498512795548402237e-04
7.965918910672235105e-04
6.568389277220966016e-04
6.521804956105923135e-04
6.591681437778486915e-04
7.080816809486431204e-04
6.871187364468740949e-04
6.032669584397978846e-04
6.661557919451050695e-04
6.149130387185584422e-04
7.127401130601473001e-04
6.731434401123613390e-04
6.638265758893528712e-04
6.102546066070542626e-04
7.197277612274036781e-04
6.871187364468740949e-04
6.708142240566092492e-04
6.708142240566092492e-04
6.778018722238656271e-04
5.986085263282937049e-04
6.754726561681135373e-04
6.288883350530711982e-04
7.127401130601473001e-04
6.964356006698825628e-04
6.964356006698825628e-04
5.194151804327217826e-04
6.801310882796177170e-04
6.125838226628063524e-04
6.055961744955500829e-04
6.358759832203275762e-04
6.242299029415669101e-04
6.894479525026261848e-04
6.475220634990881338e-04
6.125838226628063524e-04
6.055961744955500829e-04
6.195714708300627304e-04
6.405344153318317559e-04
6.172422547743106405e-04
5.380489088787387183e-04
6.638265758893528712e-04
6.382051992760796660e-04
6.451928474433360440e-04
6.382051992760796660e-04
5.846332299937809489e-04
6.102546066070542626e-04
6.731434401123613390e-04
5.776455818265246794e-04
6.824603043353698068e-04
6.242299029415669101e-04
6.195714708300627304e-04
5.892916621052852371e-04
6.219006868858148202e-04
7.034232488371388323e-04
6.009377423840457947e-04
5.916208781610373269e-04
6.219006868858148202e-04
6.149130387185584422e-04
5.916208781610373269e-04
6.428636313875838457e-04
6.824603043353698068e-04
6.265591189973191083e-04
6.521804956105923135e-04
6.125838226628063524e-04
6.009377423840457947e-04
5.683287176035162116e-04
6.032669584397978846e-04
6.079253905513021727e-04
6.265591189973191083e-04
6.312175511088232880e-04
6.288883350530711982e-04
6.149130387185584422e-04
5.729871497150203913e-04
6.055961744955500829e-04
5.962793102725416150e-04
6.358759832203275762e-04
5.659995015477641217e-04
6.335467671645753779e-04
5.892916621052852371e-04
5.939500942167894168e-04
5.823040139380288591e-04
6.265591189973191083e-04
6.125838226628063524e-04
5.357196928229865200e-04
5.916208781610373269e-04
5.147567483212174945e-04
6.288883350530711982e-04
5.659995015477641217e-04
6.125838226628063524e-04
6.102546066070542626e-04
5.706579336592683014e-04
5.496949891574992760e-04
6.475220634990881338e-04
5.683287176035162116e-04
5.846332299937809489e-04
5.590118533805077438e-04
6.358759832203275762e-04
5.380489088787387183e-04
5.892916621052852371e-04
5.264028285999780522e-04
5.636702854920119235e-04
5.753163657707724811e-04
5.683287176035162116e-04
6.125838226628063524e-04
5.753163657707724811e-04
5.613410694362598336e-04
5.310612607114823403e-04
5.403781249344908081e-04
5.007814519867048470e-04
5.217443964884738725e-04
6.009377423840457947e-04
6.102546066070542626e-04
5.659995015477641217e-04
5.799747978822767693e-04
5.403781249344908081e-04
5.403781249344908081e-04
6.079253905513021727e-04
5.776455818265246794e-04
5.590118533805077438e-04
5.776455818265246794e-04
5.823040139380288591e-04
4.891353717079442893e-04
5.590118533805077438e-04
5.147567483212174945e-04
5.590118533805077438e-04
5.333904767672344302e-04
5.333904767672344302e-04
5.613410694362598336e-04
5.729871497150203913e-04
5.100983162097133148e-04
5.729871497150203913e-04
4.984522359309527572e-04
5.124275322654654047e-04
5.264028285999780522e-04
6.079253905513021727e-04
5.170859643769696928e-04
5.543534212690034556e-04
5.566826373247556539e-04
4.984522359309527572e-04
5.054398840982090267e-04
5.962793102725416150e-04
5.100983162097133148e-04
5.310612607114823403e-04
5.100983162097133148e-04
5.100983162097133148e-04
5.776455818265246794e-04
4.914645877636963792e-04
4.774892914291836775e-04
5.962793102725416150e-04
5.031106680424569369e-04
5.333904767672344302e-04
5.380489088787387183e-04
5.170859643769696928e-04
4.285757542583892485e-04
4.705016432619273537e-04
5.543534212690034556e-04
4.658432111504231198e-04
5.566826373247556539e-04
4.891353717079442893e-04
4.844769395964400012e-04
3.726745689203384958e-04
4.518679148159104181e-04
4.705016432619273537e-04
5.333904767672344302e-04
5.287320446557302505e-04
4.891353717079442893e-04
4.891353717079442893e-04
4.891353717079442893e-04
3.843206491990990535e-04
4.588555629831667418e-04
5.031106680424569369e-04
5.310612607114823403e-04
4.611847790389188859e-04
4.914645877636963792e-04
4.378926184813977164e-04
5.217443964884738725e-04
4.518679148159104181e-04
4.402218345371498062e-04
4.798185074849358215e-04
4.891353717079442893e-04
4.984522359309527572e-04
5.333904767672344302e-04
4.402218345371498062e-04
4.728308593176794436e-04
4.425510505929019503e-04
5.124275322654654047e-04
5.031106680424569369e-04
4.541971308716625079e-04
4.006251615893638451e-04
5.077691001539612250e-04
4.984522359309527572e-04
4.798185074849358215e-04
4.635139950946709757e-04
4.774892914291836775e-04
4.169296739796286909e-04
4.914645877636963792e-04
4.472094827044061842e-04
5.007814519867048470e-04
5.007814519867048470e-04
4.751600753734315876e-04
5.007814519867048470e-04
4.099420258123723129e-04
4.565263469274146520e-04
4.052835937008680790e-04
4.705016432619273537e-04
5.100983162097133148e-04
5.077691001539612250e-04
4.588555629831667418e-04
4.961230198752005589e-04
4.681724272061752097e-04
4.309049703141413926e-04
5.240736125442259623e-04
4.425510505929019503e-04
4.798185074849358215e-04
4.378926184813977164e-04
4.378926184813977164e-04
4.309049703141413926e-04
4.192588900353807807e-04
4.541971308716625079e-04
4.378926184813977164e-04
4.495386987601582740e-04
4.402218345371498062e-04
4.565263469274146520e-04
4.169296739796286909e-04
4.984522359309527572e-04
3.773330010318427298e-04
3.377363280840567686e-04
3.936375134221075213e-04
4.611847790389188859e-04
4.215881060911329248e-04
4.332341863698934824e-04
4.146004579238765468e-04
3.773330010318427298e-04
3.656869207530821179e-04
4.937938038194484690e-04
4.448802666486540401e-04
4.076128097566202231e-04
3.843206491990990535e-04
4.635139950946709757e-04
4.262465382026371587e-04
4.378926184813977164e-04
4.425510505929019503e-04
4.052835937008680790e-04
4.146004579238765468e-04
4.239173221468850146e-04
4.448802666486540401e-04
3.656869207530821179e-04
4.611847790389188859e-04
3.936375134221075213e-04
4.355634024256456265e-04
4.448802666486540401e-04
4.448802666486540401e-04
4.355634024256456265e-04
4.681724272061752097e-04
3.586992725858257941e-04
4.262465382026371587e-04
4.402218345371498062e-04
4.774892914291836775e-04
4.891353717079442893e-04
4.146004579238765468e-04
3.656869207530821179e-04
4.821477235406879114e-04
4.728308593176794436e-04
4.705016432619273537e-04
4.472094827044061842e-04
4.448802666486540401e-04
3.819914331433469637e-04
4.495386987601582740e-04
4.076128097566202231e-04
3.750037849760905857e-04
4.122712418681244570e-04
4.192588900353807807e-04
3.889790813106032874e-04
4.076128097566202231e-04
4.262465382026371587e-04
4.355634024256456265e-04
4.285757542583892485e-04
3.796622170875948196e-04
3.913082973663554315e-04
4.029543776451159891e-04
5.357196928229865200e-04
3.982959455336117552e-04
4.285757542583892485e-04
4.844769395964400012e-04
3.936375134221075213e-04
4.146004579238765468e-04
4.448802666486540401e-04
3.959667294778596112e-04
4.076128097566202231e-04
4.402218345371498062e-04
3.540408404743215602e-04
3.773330010318427298e-04
4.309049703141413926e-04
4.262465382026371587e-04
3.586992725858257941e-04
4.099420258123723129e-04
4.169296739796286909e-04
3.284194638610483008e-04
4.169296739796286909e-04
2.911520069690144296e-04
4.146004579238765468e-04
3.563700565300736501e-04
3.191025996380398330e-04
3.214318156937919229e-04
3.354071120283046246e-04
3.680161368088342619e-04
3.680161368088342619e-04
4.052835937008680790e-04
3.633577046973300280e-04
3.004688711920228974e-04
3.680161368088342619e-04
3.330778959725525347e-04
3.214318156937919229e-04
4.122712418681244570e-04
4.541971308716625079e-04
5.147567483212174945e-04
3.330778959725525347e-04
4.285757542583892485e-04
3.726745689203384958e-04
3.354071120283046246e-04
3.866498652548511976e-04
3.936375134221075213e-04
3.680161368088342619e-04
3.726745689203384958e-04
4.215881060911329248e-04
3.703453528645863518e-04
3.773330010318427298e-04
3.586992725858257941e-04
3.982959455336117552e-04
4.099420258123723129e-04
3.703453528645863518e-04
4.146004579238765468e-04
3.773330010318427298e-04
3.191025996380398330e-04
3.540408404743215602e-04
3.586992725858257941e-04
4.029543776451159891e-04
2.934812230247665736e-04
3.656869207530821179e-04
2.795059266902538719e-04
3.889790813106032874e-04
4.006251615893638451e-04
3.726745689203384958e-04
3.447239762513130924e-04
3.097857354150313652e-04
3.563700565300736501e-04
3.843206491990990535e-04
3.680161368088342619e-04
3.563700565300736501e-04
3.610284886415778840e-04
3.563700565300736501e-04
3.610284886415778840e-04
4.076128097566202231e-04
3.866498652548511976e-04
3.959667294778596112e-04
3.959667294778596112e-04
3.563700565300736501e-04
3.843206491990990535e-04
3.423947601955610025e-04
3.377363280840567686e-04
3.610284886415778840e-04
3.982959455336117552e-04
3.656869207530821179e-04
3.750037849760905857e-04
3.982959455336117552e-04
3.726745689203384958e-04
3.493824083628173263e-04
3.354071120283046246e-04
2.934812230247665736e-04
3.307486799168003907e-04
3.517116244185694162e-04
3.540408404743215602e-04
3.610284886415778840e-04
3.633577046973300280e-04
3.144441675265355991e-04
3.400655441398088585e-04
3.191025996380398330e-04
3.517116244185694162e-04
3.750037849760905857e-04
3.773330010318427298e-04
3.610284886415778840e-04
4.681724272061752097e-04
3.726745689203384958e-04
3.750037849760905857e-04
3.423947601955610025e-04
3.423947601955610025e-04
3.540408404743215602e-04
3.633577046973300280e-04
3.237610317495440669e-04
3.773330010318427298e-04
2.771767106345017278e-04
3.214318156937919229e-04
3.027980872477750414e-04
3.447239762513130924e-04
3.051273033035271313e-04
3.563700565300736501e-04
3.284194638610483008e-04
3.260902478052961568e-04
3.400655441398088585e-04
3.237610317495440669e-04
3.493824083628173263e-04
3.400655441398088585e-04
2.981396551362708075e-04
3.237610317495440669e-04
3.237610317495440669e-04
3.540408404743215602e-04
3.517116244185694162e-04
3.796622170875948196e-04
3.493824083628173263e-04
3.074565193592792211e-04
3.121149514707834550e-04
3.493824083628173263e-04
3.260902478052961568e-04
3.610284886415778840e-04
3.493824083628173263e-04
1.537282596796396106e-04
3.121149514707834550e-04
3.470531923070652365e-04
3.027980872477750414e-04
3.307486799168003907e-04
3.540408404743215602e-04
3.796622170875948196e-04
2.864935748575101956e-04
3.423947601955610025e-04
3.121149514707834550e-04
4.006251615893638451e-04
4.029543776451159891e-04
3.377363280840567686e-04
3.586992725858257941e-04
3.307486799168003907e-04
3.284194638610483008e-04
3.191025996380398330e-04
3.493824083628173263e-04
2.492261179654763786e-04
3.703453528645863518e-04
3.330778959725525347e-04
3.470531923070652365e-04
3.470531923070652365e-04
3.330778959725525347e-04
3.400655441398088585e-04
2.981396551362708075e-04
2.888227909132623397e-04
2.748474945787496380e-04
3.447239762513130924e-04
3.377363280840567686e-04
3.121149514707834550e-04
3.237610317495440669e-04
3.237610317495440669e-04
2.934812230247665736e-04
3.307486799168003907e-04
3.121149514707834550e-04
3.284194638610483008e-04
3.144441675265355991e-04
2.981396551362708075e-04
2.795059266902538719e-04
3.144441675265355991e-04
3.074565193592792211e-04
2.958104390805186635e-04
3.237610317495440669e-04
3.121149514707834550e-04
2.958104390805186635e-04
3.167733835822876889e-04
3.447239762513130924e-04
3.214318156937919229e-04
2.981396551362708075e-04
2.981396551362708075e-04
3.400655441398088585e-04
3.191025996380398330e-04
3.517116244185694162e-04
2.771767106345017278e-04
3.447239762513130924e-04
3.167733835822876889e-04
3.027980872477750414e-04
3.214318156937919229e-04
3.493824083628173263e-04
2.655306303557411702e-04
2.934812230247665736e-04
3.703453528645863518e-04
3.307486799168003907e-04
3.214318156937919229e-04
2.911520069690144296e-04
2.981396551362708075e-04
2.422384697982200006e-04
3.074565193592792211e-04
2.958104390805186635e-04
3.004688711920228974e-04
2.981396551362708075e-04
2.911520069690144296e-04
3.214318156937919229e-04
3.121149514707834550e-04
2.748474945787496380e-04
3.144441675265355991e-04
2.632014142999890261e-04
3.051273033035271313e-04
3.051273033035271313e-04
2.864935748575101956e-04
3.307486799168003907e-04
2.818351427460059617e-04
3.074565193592792211e-04
3.167733835822876889e-04
2.608721982442369362e-04
3.144441675265355991e-04
3.004688711920228974e-04
2.818351427460059617e-04
3.074565193592792211e-04
3.167733835822876889e-04
3.097857354150313652e-04
2.632014142999890261e-04
3.191025996380398330e-04
3.027980872477750414e-04
2.958104390805186635e-04
2.725182785229974939e-04
2.841643588017581058e-04
2.911520069690144296e-04
3.493824083628173263e-04
3.307486799168003907e-04
3.074565193592792211e-04
3.167733835822876889e-04
2.864935748575101956e-04
3.167733835822876889e-04
2.399092537424679108e-04
2.259339574079552090e-04
3.121149514707834550e-04
3.400655441398088585e-04
2.468969019097242345e-04
2.282631734637073260e-04
2.841643588017581058e-04
2.818351427460059617e-04
2.515553340212284684e-04
2.678598464114932600e-04
3.097857354150313652e-04
2.305923895194594429e-04
2.119586610734425073e-04
2.166170931849467412e-04
4.169296739796286909e-04
2.468969019097242345e-04
2.795059266902538719e-04
3.004688711920228974e-04
2.888227909132623397e-04
3.097857354150313652e-04
2.864935748575101956e-04
2.305923895194594429e-04
3.191025996380398330e-04
2.725182785229974939e-04
2.632014142999890261e-04
2.748474945787496380e-04
2.562137661327327023e-04
2.236047413522030921e-04
2.585429821884848464e-04
3.237610317495440669e-04
3.284194638610483008e-04
3.982959455336117552e-04
2.538845500769806125e-04
2.096294450176903904e-04
2.655306303557411702e-04
2.841643588017581058e-04
2.795059266902538719e-04
2.515553340212284684e-04
2.934812230247665736e-04
2.562137661327327023e-04
2.841643588017581058e-04
2.468969019097242345e-04
2.562137661327327023e-04
2.538845500769806125e-04
2.771767106345017278e-04
2.492261179654763786e-04
2.771767106345017278e-04
2.864935748575101956e-04
2.795059266902538719e-04
3.097857354150313652e-04
3.354071120283046246e-04
2.748474945787496380e-04
2.911520069690144296e-04
2.515553340212284684e-04
2.701890624672454041e-04
2.981396551362708075e-04
2.864935748575101956e-04
2.352508216309636769e-04
2.352508216309636769e-04
2.655306303557411702e-04
2.725182785229974939e-04
2.841643588017581058e-04
2.818351427460059617e-04
2.608721982442369362e-04
3.051273033035271313e-04
2.562137661327327023e-04
2.701890624672454041e-04
2.375800376867157938e-04
2.678598464114932600e-04
2.655306303557411702e-04
2.422384697982200006e-04
2.142878771291946243e-04
2.748474945787496380e-04
2.911520069690144296e-04
2.492261179654763786e-04
3.517116244185694162e-04
2.445676858539721447e-04
3.074565193592792211e-04
2.515553340212284684e-04
2.958104390805186635e-04
2.562137661327327023e-04
2.632014142999890261e-04
2.515553340212284684e-04
2.422384697982200006e-04
2.608721982442369362e-04
2.445676858539721447e-04
2.515553340212284684e-04
2.468969019097242345e-04
2.771767106345017278e-04
2.608721982442369362e-04
2.468969019097242345e-04
2.189463092406988582e-04
2.632014142999890261e-04
2.562137661327327023e-04
2.585429821884848464e-04
2.748474945787496380e-04
2.585429821884848464e-04
2.655306303557411702e-04
2.352508216309636769e-04
2.562137661327327023e-04
2.678598464114932600e-04
2.492261179654763786e-04
2.632014142999890261e-04
2.445676858539721447e-04
3.237610317495440669e-04
2.166170931849467412e-04
2.445676858539721447e-04
2.468969019097242345e-04
2.445676858539721447e-04
2.841643588017581058e-04
2.725182785229974939e-04
2.678598464114932600e-04
2.468969019097242345e-04
2.632014142999890261e-04
1.979833647389298056e-04
2.562137661327327023e-04
2.492261179654763786e-04
2.375800376867157938e-04
2.399092537424679108e-04
2.399092537424679108e-04
2.492261179654763786e-04
2.445676858539721447e-04
2.795059266902538719e-04
2.399092537424679108e-04
2.515553340212284684e-04
2.515553340212284684e-04
2.375800376867157938e-04
2.771767106345017278e-04
2.399092537424679108e-04
2.585429821884848464e-04
2.771767106345017278e-04
2.538845500769806125e-04
2.585429821884848464e-04
2.212755252964509751e-04
2.422384697982200006e-04
2.445676858539721447e-04
2.282631734637073260e-04
2.329216055752115599e-04
2.632014142999890261e-04
2.701890624672454041e-04
2.352508216309636769e-04
2.725182785229974939e-04
2.725182785229974939e-04
2.375800376867157938e-04
2.119586610734425073e-04
2.608721982442369362e-04
2.305923895194594429e-04
2.515553340212284684e-04
2.352508216309636769e-04
2.282631734637073260e-04
2.445676858539721447e-04
2.166170931849467412e-04
2.352508216309636769e-04
2.212755252964509751e-04
2.655306303557411702e-04
2.073002289619382734e-04
2.841643588017581058e-04
2.655306303557411702e-04
2.189463092406988582e-04
2.399092537424679108e-04
2.352508216309636769e-04
2.468969019097242345e-04
2.864935748575101956e-04
2.352508216309636769e-04
3.121149514707834550e-04
2.608721982442369362e-04
2.142878771291946243e-04
2.282631734637073260e-04
1.933249326274255988e-04
2.282631734637073260e-04
2.655306303557411702e-04
2.468969019097242345e-04
2.212755252964509751e-04
2.049710129061861565e-04
2.399092537424679108e-04
1.909957165716734818e-04
2.795059266902538719e-04
2.096294450176903904e-04
2.399092537424679108e-04
2.445676858539721447e-04
1.700327720699044292e-04
2.305923895194594429e-04
2.142878771291946243e-04
2.282631734637073260e-04
2.445676858539721447e-04
2.399092537424679108e-04
1.677035560141523123e-04
2.562137661327327023e-04
2.212755252964509751e-04
2.562137661327327023e-04
2.305923895194594429e-04
2.538845500769806125e-04
2.399092537424679108e-04
2.259339574079552090e-04
2.259339574079552090e-04
2.049710129061861565e-04
2.142878771291946243e-04
1.327653151778705851e-04
2.515553340212284684e-04
1.933249326274255988e-04
2.329216055752115599e-04
2.259339574079552090e-04
2.189463092406988582e-04
2.073002289619382734e-04
2.142878771291946243e-04
2.236047413522030921e-04
2.399092537424679108e-04
2.189463092406988582e-04
2.212755252964509751e-04
2.166170931849467412e-04
1.840080684044171310e-04
2.282631734637073260e-04
1.513990436238875207e-04
2.142878771291946243e-04
2.212755252964509751e-04
2.375800376867157938e-04
2.189463092406988582e-04
2.212755252964509751e-04
2.282631734637073260e-04
2.073002289619382734e-04
2.096294450176903904e-04
2.003125807946819225e-04
2.049710129061861565e-04
2.352508216309636769e-04
2.073002289619382734e-04
1.886665005159213649e-04
2.259339574079552090e-04
2.026417968504340395e-04
2.003125807946819225e-04
1.979833647389298056e-04
2.352508216309636769e-04
2.352508216309636769e-04
2.096294450176903904e-04
2.375800376867157938e-04
2.818351427460059617e-04
1.933249326274255988e-04
2.073002289619382734e-04
2.352508216309636769e-04
2.119586610734425073e-04
2.026417968504340395e-04
2.212755252964509751e-04
2.212755252964509751e-04
1.909957165716734818e-04
2.329216055752115599e-04
1.840080684044171310e-04
2.329216055752115599e-04
1.746912041814086632e-04
2.166170931849467412e-04
2.329216055752115599e-04
2.096294450176903904e-04
2.166170931849467412e-04
2.166170931849467412e-04
1.886665005159213649e-04
2.142878771291946243e-04
2.073002289619382734e-04
2.119586610734425073e-04
1.560574757353917275e-04
1.956541486831777157e-04
2.119586610734425073e-04
2.026417968504340395e-04
2.329216055752115599e-04
2.073002289619382734e-04
1.979833647389298056e-04
1.909957165716734818e-04
2.492261179654763786e-04
2.049710129061861565e-04
2.142878771291946243e-04
1.700327720699044292e-04
1.630451239026480784e-04
2.375800376867157938e-04
2.026417968504340395e-04
2.026417968504340395e-04
2.119586610734425073e-04
1.979833647389298056e-04
2.003125807946819225e-04
2.026417968504340395e-04
2.049710129061861565e-04
1.793496362929128971e-04
2.119586610734425073e-04
1.909957165716734818e-04
2.236047413522030921e-04
2.026417968504340395e-04
2.096294450176903904e-04
2.329216055752115599e-04
2.119586610734425073e-04
1.816788523486650140e-04
1.933249326274255988e-04
2.166170931849467412e-04
1.886665005159213649e-04
1.816788523486650140e-04
2.073002289619382734e-04
1.933249326274255988e-04
2.492261179654763786e-04
1.816788523486650140e-04
2.212755252964509751e-04
2.189463092406988582e-04
1.513990436238875207e-04
1.793496362929128971e-04
2.003125807946819225e-04
2.096294450176903904e-04
1.956541486831777157e-04
2.096294450176903904e-04
1.956541486831777157e-04
2.166170931849467412e-04
2.003125807946819225e-04
2.189463092406988582e-04
2.119586610734425073e-04
1.909957165716734818e-04
1.793496362929128971e-04
1.979833647389298056e-04
1.933249326274255988e-04
1.933249326274255988e-04
2.003125807946819225e-04
1.840080684044171310e-04
2.049710129061861565e-04
1.723619881256565462e-04
2.119586610734425073e-04
1.863372844601692479e-04
1.956541486831777157e-04
1.956541486831777157e-04
2.212755252964509751e-04
2.096294450176903904e-04
1.886665005159213649e-04
2.142878771291946243e-04
2.236047413522030921e-04
1.909957165716734818e-04
2.026417968504340395e-04
2.771767106345017278e-04
2.305923895194594429e-04
2.073002289619382734e-04
1.467406115123832868e-04
1.816788523486650140e-04
1.840080684044171310e-04
1.863372844601692479e-04
2.096294450176903904e-04
1.374237472893748190e-04
2.049710129061861565e-04
2.003125807946819225e-04
1.816788523486650140e-04
1.956541486831777157e-04
1.723619881256565462e-04
1.700327720699044292e-04
2.119586610734425073e-04
2.212755252964509751e-04
1.979833647389298056e-04
2.119586610734425073e-04
2.212755252964509751e-04
2.026417968504340395e-04
1.746912041814086632e-04
1.840080684044171310e-04
1.746912041814086632e-04
1.700327720699044292e-04
1.886665005159213649e-04
1.746912041814086632e-04
1.770204202371607801e-04
1.700327720699044292e-04
2.003125807946819225e-04
2.003125807946819225e-04
2.562137661327327023e-04
1.886665005159213649e-04
2.049710129061861565e-04
1.770204202371607801e-04
1.677035560141523123e-04
1.653743399584001953e-04
1.956541486831777157e-04
1.886665005159213649e-04
1.979833647389298056e-04
1.863372844601692479e-04
1.630451239026480784e-04
1.840080684044171310e-04
1.816788523486650140e-04
1.933249326274255988e-04
1.420821794008790529e-04
2.003125807946819225e-04
1.816788523486650140e-04
1.863372844601692479e-04
1.677035560141523123e-04
1.723619881256565462e-04
1.886665005159213649e-04
1.793496362929128971e-04
1.793496362929128971e-04
1.770204202371607801e-04
1.630451239026480784e-04
1.723619881256565462e-04
1.956541486831777157e-04
1.979833647389298056e-04
1.350945312336227020e-04
2.142878771291946243e-04
1.909957165716734818e-04
1.467406115123832868e-04
1.886665005159213649e-04
1.700327720699044292e-04
9.549785828583674092e-05
1.653743399584001953e-04
2.096294450176903904e-04
1.863372844601692479e-04
1.886665005159213649e-04
1.886665005159213649e-04
2.003125807946819225e-04
1.886665005159213649e-04
1.700327720699044292e-04
1.513990436238875207e-04
1.793496362929128971e-04
1.700327720699044292e-04
1.956541486831777157e-04
2.073002289619382734e-04
1.677035560141523123e-04
1.840080684044171310e-04
1.630451239026480784e-04
1.630451239026480784e-04
1.583866917911438445e-04
1.746912041814086632e-04
1.513990436238875207e-04
1.886665005159213649e-04
2.212755252964509751e-04
1.677035560141523123e-04
1.886665005159213649e-04
1.770204202371607801e-04
1.630451239026480784e-04
1.770204202371607801e-04
2.468969019097242345e-04
1.630451239026480784e-04
1.770204202371607801e-04
1.840080684044171310e-04
1.956541486831777157e-04
1.816788523486650140e-04
1.956541486831777157e-04
1.816788523486650140e-04
1.863372844601692479e-04
1.746912041814086632e-04
2.003125807946819225e-04
1.583866917911438445e-04
1.513990436238875207e-04
1.583866917911438445e-04
1.490698275681354038e-04
1.840080684044171310e-04
1.677035560141523123e-04
1.257776670106142342e-04
1.490698275681354038e-04
1.746912041814086632e-04
1.677035560141523123e-04
1.537282596796396106e-04
2.073002289619382734e-04
1.793496362929128971e-04
2.049710129061861565e-04
1.490698275681354038e-04
1.746912041814086632e-04
1.909957165716734818e-04
1.746912041814086632e-04
1.723619881256565462e-04
1.770204202371607801e-04
1.909957165716734818e-04
1.677035560141523123e-04
1.979833647389298056e-04
1.723619881256565462e-04
1.933249326274255988e-04
1.700327720699044292e-04
1.350945312336227020e-04
1.840080684044171310e-04
1.630451239026480784e-04
1.863372844601692479e-04
2.003125807946819225e-04
1.630451239026480784e-04
1.723619881256565462e-04
1.607159078468959614e-04
1.490698275681354038e-04
1.816788523486650140e-04
1.863372844601692479e-04
1.653743399584001953e-04
1.746912041814086632e-04
1.793496362929128971e-04
1.490698275681354038e-04
1.956541486831777157e-04
1.746912041814086632e-04
1.746912041814086632e-04
1.653743399584001953e-04
1.677035560141523123e-04
1.770204202371607801e-04
1.513990436238875207e-04
1.420821794008790529e-04
1.444113954566311699e-04
1.630451239026480784e-04
1.700327720699044292e-04
1.677035560141523123e-04
1.420821794008790529e-04
1.677035560141523123e-04
1.513990436238875207e-04
1.723619881256565462e-04
1.770204202371607801e-04
1.467406115123832868e-04
1.490698275681354038e-04
1.816788523486650140e-04
1.583866917911438445e-04
1.746912041814086632e-04
1.420821794008790529e-04
1.350945312336227020e-04
1.840080684044171310e-04
1.490698275681354038e-04
1.513990436238875207e-04
1.560574757353917275e-04
1.583866917911438445e-04
1.560574757353917275e-04
1.583866917911438445e-04
1.723619881256565462e-04
1.700327720699044292e-04
1.909957165716734818e-04
1.746912041814086632e-04
1.444113954566311699e-04
1.607159078468959614e-04
1.537282596796396106e-04
1.723619881256565462e-04
1.746912041814086632e-04
1.583866917911438445e-04
1.793496362929128971e-04
1.840080684044171310e-04
1.420821794008790529e-04
1.560574757353917275e-04
1.677035560141523123e-04
8.618099406282827310e-05
1.141315867318536630e-04
1.863372844601692479e-04
1.700327720699044292e-04
1.607159078468959614e-04
1.677035560141523123e-04
1.187900188433578969e-04
1.490698275681354038e-04
1.583866917911438445e-04
1.746912041814086632e-04
1.420821794008790529e-04
1.560574757353917275e-04
1.653743399584001953e-04
1.560574757353917275e-04
1.723619881256565462e-04
1.583866917911438445e-04
1.607159078468959614e-04
1.560574757353917275e-04
1.723619881256565462e-04
1.537282596796396106e-04
9.782707434158885787e-05
1.630451239026480784e-04
1.933249326274255988e-04
1.583866917911438445e-04
1.467406115123832868e-04
1.560574757353917275e-04
1.304360991221184681e-04
1.071439385645973121e-04
1.840080684044171310e-04
1.723619881256565462e-04
1.444113954566311699e-04
1.607159078468959614e-04
1.537282596796396106e-04
1.770204202371607801e-04
1.816788523486650140e-04
1.304360991221184681e-04
1.397529633451269359e-04
1.700327720699044292e-04
1.700327720699044292e-04
1.537282596796396106e-04
1.537282596796396106e-04
1.537282596796396106e-04
1.793496362929128971e-04
1.234484509548621173e-04
1.630451239026480784e-04
1.444113954566311699e-04
1.467406115123832868e-04
1.537282596796396106e-04
1.257776670106142342e-04
1.933249326274255988e-04
1.374237472893748190e-04
1.001562903973409613e-04
1.164608027876057800e-04
1.513990436238875207e-04
1.420821794008790529e-04
1.746912041814086632e-04
1.653743399584001953e-04
1.257776670106142342e-04
1.467406115123832868e-04
1.537282596796396106e-04
1.350945312336227020e-04
1.560574757353917275e-04
1.397529633451269359e-04
1.490698275681354038e-04
1.490698275681354038e-04
1.770204202371607801e-04
1.467406115123832868e-04
1.770204202371607801e-04
1.490698275681354038e-04
1.607159078468959614e-04
1.607159078468959614e-04
1.490698275681354038e-04
1.281068830663663512e-04
1.164608027876057800e-04
1.700327720699044292e-04
1.607159078468959614e-04
1.490698275681354038e-04
1.607159078468959614e-04
1.746912041814086632e-04
1.723619881256565462e-04
8.618099406282827310e-05
1.560574757353917275e-04
9.549785828583674092e-05
1.630451239026480784e-04
1.257776670106142342e-04
1.211192348991100003e-04
1.583866917911438445e-04
2.026417968504340395e-04
1.630451239026480784e-04
2.073002289619382734e-04
1.327653151778705851e-04
1.537282596796396106e-04
1.513990436238875207e-04
1.490698275681354038e-04
1.653743399584001953e-04
1.444113954566311699e-04
1.490698275681354038e-04
1.420821794008790529e-04
1.397529633451269359e-04
1.281068830663663512e-04
1.257776670106142342e-04
1.397529633451269359e-04
1.257776670106142342e-04
1.397529633451269359e-04
1.723619881256565462e-04
1.234484509548621173e-04
1.490698275681354038e-04
1.537282596796396106e-04
4.192588900353807807e-05
1.513990436238875207e-04
1.490698275681354038e-04
1.350945312336227020e-04
1.350945312336227020e-04
1.281068830663663512e-04
1.094731546203494291e-04
1.327653151778705851e-04
1.420821794008790529e-04
1.490698275681354038e-04
1.583866917911438445e-04
1.420821794008790529e-04
1.234484509548621173e-04
1.187900188433578969e-04
1.304360991221184681e-04
1.420821794008790529e-04
1.071439385645973121e-04
1.397529633451269359e-04
1.630451239026480784e-04
1.490698275681354038e-04
1.211192348991100003e-04
1.234484509548621173e-04
1.560574757353917275e-04
1.397529633451269359e-04
1.467406115123832868e-04
1.607159078468959614e-04
1.327653151778705851e-04
1.467406115123832868e-04
1.537282596796396106e-04
1.560574757353917275e-04
1.374237472893748190e-04
1.187900188433578969e-04
1.211192348991100003e-04
1.187900188433578969e-04
1.374237472893748190e-04
1.420821794008790529e-04
1.467406115123832868e-04
1.327653151778705851e-04
1.374237472893748190e-04
1.560574757353917275e-04
8.385177800707615614e-05
1.024855064530930782e-04
1.420821794008790529e-04
1.513990436238875207e-04
1.374237472893748190e-04
1.350945312336227020e-04
1.350945312336227020e-04
1.374237472893748190e-04
1.490698275681354038e-04
1.397529633451269359e-04
1.397529633451269359e-04
1.257776670106142342e-04
1.374237472893748190e-04
1.350945312336227020e-04
1.420821794008790529e-04
1.397529633451269359e-04
1.257776670106142342e-04
1.513990436238875207e-04
1.234484509548621173e-04
1.793496362929128971e-04
1.397529633451269359e-04
1.374237472893748190e-04
1.723619881256565462e-04
1.444113954566311699e-04
1.327653151778705851e-04
1.374237472893748190e-04
5.590118533805077302e-05
1.118023706761015460e-04
1.304360991221184681e-04
1.327653151778705851e-04
1.187900188433578969e-04
9.782707434158885787e-05
1.374237472893748190e-04
1.211192348991100003e-04
1.350945312336227020e-04
1.374237472893748190e-04
1.397529633451269359e-04
1.677035560141523123e-04
1.490698275681354038e-04
9.549785828583674092e-05
1.490698275681354038e-04
1.397529633451269359e-04
1.374237472893748190e-04
1.420821794008790529e-04
1.327653151778705851e-04
1.141315867318536630e-04
1.234484509548621173e-04
1.118023706761015460e-04
1.467406115123832868e-04
1.304360991221184681e-04
1.164608027876057800e-04
1.164608027876057800e-04
7.919334589557192224e-05
1.444113954566311699e-04
1.304360991221184681e-04
1.444113954566311699e-04
1.234484509548621173e-04
1.653743399584001953e-04
1.653743399584001953e-04
1.630451239026480784e-04
1.490698275681354038e-04
1.374237472893748190e-04
1.490698275681354038e-04
1.444113954566311699e-04
1.164608027876057800e-04
1.537282596796396106e-04
1.281068830663663512e-04
1.141315867318536630e-04
1.490698275681354038e-04
1.187900188433578969e-04
1.350945312336227020e-04
1.653743399584001953e-04
1.909957165716734818e-04
1.350945312336227020e-04
1.420821794008790529e-04
1.211192348991100003e-04
1.420821794008790529e-04
1.397529633451269359e-04
1.607159078468959614e-04
1.444113954566311699e-04
1.420821794008790529e-04
1.444113954566311699e-04
9.549785828583674092e-05
1.490698275681354038e-04
1.537282596796396106e-04
1.537282596796396106e-04
1.350945312336227020e-04
1.350945312336227020e-04
1.281068830663663512e-04
1.281068830663663512e-04
1.397529633451269359e-04
1.257776670106142342e-04
8.851021011858039005e-05
1.327653151778705851e-04
1.374237472893748190e-04
1.304360991221184681e-04
1.420821794008790529e-04
1.071439385645973121e-04
1.071439385645973121e-04
1.304360991221184681e-04
1.327653151778705851e-04
1.211192348991100003e-04
1.350945312336227020e-04
1.281068830663663512e-04
1.164608027876057800e-04
1.397529633451269359e-04
1.327653151778705851e-04
1.350945312336227020e-04
1.793496362929128971e-04
1.141315867318536630e-04
1.094731546203494291e-04
1.281068830663663512e-04
1.071439385645973121e-04
1.187900188433578969e-04
1.350945312336227020e-04
1.374237472893748190e-04
1.420821794008790529e-04
1.094731546203494291e-04
1.281068830663663512e-04
1.304360991221184681e-04
1.257776670106142342e-04
1.281068830663663512e-04
1.118023706761015460e-04
1.118023706761015460e-04
1.211192348991100003e-04
9.083942617433250701e-05
1.467406115123832868e-04
1.537282596796396106e-04
1.257776670106142342e-04
1.281068830663663512e-04
1.467406115123832868e-04
1.118023706761015460e-04
6.754726561681135102e-05
1.094731546203494291e-04
1.071439385645973121e-04
1.374237472893748190e-04
1.350945312336227020e-04
1.164608027876057800e-04
1.327653151778705851e-04
1.304360991221184681e-04
1.211192348991100003e-04
1.281068830663663512e-04
1.257776670106142342e-04
1.234484509548621173e-04
1.281068830663663512e-04
1.304360991221184681e-04
1.350945312336227020e-04
1.397529633451269359e-04
1.094731546203494291e-04
1.397529633451269359e-04
1.164608027876057800e-04
1.234484509548621173e-04
1.234484509548621173e-04
1.211192348991100003e-04
1.397529633451269359e-04
1.281068830663663512e-04
1.211192348991100003e-04
1.234484509548621173e-04
1.118023706761015460e-04
1.607159078468959614e-04
1.211192348991100003e-04
1.257776670106142342e-04
1.234484509548621173e-04
1.118023706761015460e-04
1.164608027876057800e-04
1.071439385645973121e-04
1.211192348991100003e-04
1.374237472893748190e-04
1.141315867318536630e-04
1.374237472893748190e-04
1.444113954566311699e-04
1.304360991221184681e-04
1.257776670106142342e-04
1.281068830663663512e-04
1.444113954566311699e-04
1.257776670106142342e-04
1.071439385645973121e-04
1.490698275681354038e-04
1.187900188433578969e-04
1.397529633451269359e-04
1.211192348991100003e-04
1.187900188433578969e-04
7.919334589557192224e-05
1.071439385645973121e-04
1.211192348991100003e-04
1.071439385645973121e-04
1.211192348991100003e-04
1.118023706761015460e-04
1.187900188433578969e-04
1.048147225088451952e-04
1.327653151778705851e-04
1.071439385645973121e-04
1.187900188433578969e-04
1.513990436238875207e-04
1.467406115123832868e-04
1.048147225088451952e-04
1.164608027876057800e-04
1.374237472893748190e-04
1.327653151778705851e-04
1.211192348991100003e-04
1.537282596796396106e-04
9.316864223008462396e-05
1.257776670106142342e-04
1.118023706761015460e-04
1.118023706761015460e-04
9.316864223008462396e-05
1.071439385645973121e-04
1.583866917911438445e-04
1.071439385645973121e-04
1.304360991221184681e-04
1.141315867318536630e-04
1.234484509548621173e-04
1.094731546203494291e-04
1.118023706761015460e-04
7.686412983981980528e-05
1.094731546203494291e-04
1.327653151778705851e-04
1.374237472893748190e-04
1.374237472893748190e-04
1.141315867318536630e-04
1.211192348991100003e-04
1.374237472893748190e-04
1.281068830663663512e-04
1.281068830663663512e-04
1.024855064530930782e-04
1.048147225088451952e-04
1.164608027876057800e-04
1.001562903973409613e-04
1.071439385645973121e-04
1.141315867318536630e-04
1.141315867318536630e-04
1.234484509548621173e-04
1.118023706761015460e-04
1.444113954566311699e-04
1.211192348991100003e-04
1.094731546203494291e-04
1.094731546203494291e-04
1.048147225088451952e-04
1.094731546203494291e-04
1.234484509548621173e-04
1.141315867318536630e-04
1.234484509548621173e-04
1.374237472893748190e-04
1.094731546203494291e-04
1.304360991221184681e-04
1.001562903973409613e-04
1.350945312336227020e-04
1.164608027876057800e-04
9.782707434158885787e-05
1.234484509548621173e-04
1.118023706761015460e-04
1.118023706761015460e-04
1.071439385645973121e-04
1.257776670106142342e-04
1.118023706761015460e-04
1.350945312336227020e-04
1.187900188433578969e-04
1.211192348991100003e-04
1.513990436238875207e-04
1.211192348991100003e-04
1.118023706761015460e-04
1.211192348991100003e-04
1.118023706761015460e-04
8.618099406282827310e-05
1.024855064530930782e-04
1.257776670106142342e-04
1.094731546203494291e-04
1.304360991221184681e-04
9.549785828583674092e-05
1.234484509548621173e-04
1.048147225088451952e-04
1.234484509548621173e-04
1.281068830663663512e-04
8.618099406282827310e-05
1.327653151778705851e-04
1.141315867318536630e-04
1.094731546203494291e-04
1.397529633451269359e-04
1.304360991221184681e-04
1.234484509548621173e-04
1.281068830663663512e-04
1.071439385645973121e-04
1.374237472893748190e-04
1.118023706761015460e-04
1.118023706761015460e-04
1.001562903973409613e-04
1.327653151778705851e-04
1.164608027876057800e-04
1.071439385645973121e-04
1.141315867318536630e-04
1.234484509548621173e-04
8.152256195132403919e-05
9.549785828583674092e-05
1.327653151778705851e-04
1.141315867318536630e-04
1.141315867318536630e-04
1.211192348991100003e-04
7.919334589557192224e-05
1.048147225088451952e-04
1.118023706761015460e-04
1.024855064530930782e-04
8.385177800707615614e-05
1.211192348991100003e-04
9.083942617433250701e-05
1.234484509548621173e-04
1.211192348991100003e-04
1.211192348991100003e-04
1.164608027876057800e-04
1.024855064530930782e-04
1.211192348991100003e-04
1.024855064530930782e-04
1.164608027876057800e-04
1.141315867318536630e-04
1.304360991221184681e-04
1.234484509548621173e-04
9.316864223008462396e-05
9.083942617433250701e-05
1.560574757353917275e-04
1.187900188433578969e-04
1.281068830663663512e-04
1.141315867318536630e-04
1.001562903973409613e-04
1.187900188433578969e-04
8.851021011858039005e-05
9.782707434158885787e-05
9.316864223008462396e-05
9.782707434158885787e-05
1.281068830663663512e-04
1.164608027876057800e-04
1.094731546203494291e-04
1.094731546203494291e-04
1.118023706761015460e-04
1.257776670106142342e-04
1.141315867318536630e-04
1.281068830663663512e-04
1.094731546203494291e-04
1.118023706761015460e-04
1.118023706761015460e-04
1.187900188433578969e-04
1.211192348991100003e-04
1.001562903973409613e-04
1.118023706761015460e-04
1.024855064530930782e-04
1.234484509548621173e-04
9.549785828583674092e-05
1.281068830663663512e-04
1.257776670106142342e-04
1.164608027876057800e-04
1.234484509548621173e-04
1.048147225088451952e-04
1.141315867318536630e-04
1.187900188433578969e-04
1.118023706761015460e-04
9.083942617433250701e-05
1.164608027876057800e-04
9.549785828583674092e-05
1.048147225088451952e-04
1.397529633451269359e-04
1.211192348991100003e-04
1.094731546203494291e-04
1.187900188433578969e-04
9.782707434158885787e-05
1.094731546203494291e-04
1.327653151778705851e-04
9.549785828583674092e-05
1.071439385645973121e-04
1.071439385645973121e-04
8.851021011858039005e-05
8.152256195132403919e-05
1.187900188433578969e-04
1.187900188433578969e-04
1.118023706761015460e-04
8.851021011858039005e-05
1.024855064530930782e-04
7.453491378406770188e-05
1.350945312336227020e-04
9.316864223008462396e-05
1.164608027876057800e-04
8.385177800707615614e-05
1.048147225088451952e-04
8.851021011858039005e-05
1.327653151778705851e-04
1.187900188433578969e-04
1.071439385645973121e-04
1.024855064530930782e-04
1.048147225088451952e-04
1.048147225088451952e-04
1.048147225088451952e-04
1.141315867318536630e-04
1.187900188433578969e-04
1.024855064530930782e-04
9.083942617433250701e-05
1.001562903973409613e-04
1.048147225088451952e-04
1.024855064530930782e-04
1.001562903973409613e-04
1.071439385645973121e-04
8.385177800707615614e-05
1.164608027876057800e-04
1.071439385645973121e-04
1.001562903973409613e-04
1.071439385645973121e-04
1.001562903973409613e-04
1.164608027876057800e-04
1.211192348991100003e-04
9.782707434158885787e-05
1.257776670106142342e-04
1.024855064530930782e-04
1.327653151778705851e-04
1.187900188433578969e-04
7.220569772831558493e-05
1.397529633451269359e-04
1.164608027876057800e-04
9.083942617433250701e-05
9.782707434158885787e-05
1.211192348991100003e-04
1.094731546203494291e-04
1.048147225088451952e-04
1.048147225088451952e-04
9.782707434158885787e-05
9.782707434158885787e-05
1.071439385645973121e-04
9.316864223008462396e-05
1.024855064530930782e-04
1.048147225088451952e-04
9.782707434158885787e-05
8.385177800707615614e-05
5.124275322654653911e-05
7.220569772831558493e-05
9.316864223008462396e-05
1.071439385645973121e-04
9.083942617433250701e-05
1.118023706761015460e-04
7.453491378406770188e-05
6.055961744955500015e-05
8.152256195132403919e-05
1.071439385645973121e-04
1.211192348991100003e-04
7.686412983981980528e-05
1.094731546203494291e-04
9.782707434158885787e-05
1.141315867318536630e-04
9.083942617433250701e-05
9.549785828583674092e-05
8.851021011858039005e-05
1.001562903973409613e-04
7.686412983981980528e-05
9.083942617433250701e-05
7.686412983981980528e-05
1.071439385645973121e-04
1.048147225088451952e-04
5.590118533805077302e-05
9.549785828583674092e-05
9.782707434158885787e-05
7.919334589557192224e-05
1.257776670106142342e-04
1.024855064530930782e-04
9.316864223008462396e-05
1.001562903973409613e-04
1.141315867318536630e-04
1.071439385645973121e-04
8.152256195132403919e-05
1.071439385645973121e-04
8.152256195132403919e-05
1.444113954566311699e-04
1.094731546203494291e-04
1.001562903973409613e-04
8.851021011858039005e-05
9.316864223008462396e-05
1.001562903973409613e-04
8.851021011858039005e-05
9.782707434158885787e-05
1.281068830663663512e-04
1.094731546203494291e-04
8.152256195132403919e-05
1.118023706761015460e-04
8.152256195132403919e-05
9.083942617433250701e-05
1.001562903973409613e-04
7.220569772831558493e-05
8.152256195132403919e-05
9.782707434158885787e-05
1.024855064530930782e-04
1.001562903973409613e-04
8.618099406282827310e-05
9.316864223008462396e-05
1.048147225088451952e-04
1.141315867318536630e-04
9.083942617433250701e-05
1.187900188433578969e-04
1.001562903973409613e-04
7.919334589557192224e-05
7.919334589557192224e-05
9.782707434158885787e-05
1.024855064530930782e-04
1.024855064530930782e-04
8.851021011858039005e-05
1.094731546203494291e-04
1.234484509548621173e-04
9.549785828583674092e-05
1.071439385645973121e-04
9.083942617433250701e-05
1.118023706761015460e-04
8.152256195132403919e-05
1.094731546203494291e-04
1.001562903973409613e-04
9.782707434158885787e-05
9.549785828583674092e-05
1.001562903973409613e-04
9.549785828583674092e-05
9.316864223008462396e-05
9.549785828583674092e-05
8.851021011858039005e-05
7.453491378406770188e-05
1.048147225088451952e-04
8.851021011858039005e-05
9.083942617433250701e-05
9.316864223008462396e-05
1.187900188433578969e-04
1.187900188433578969e-04
7.919334589557192224e-05
1.001562903973409613e-04
9.316864223008462396e-05
1.071439385645973121e-04
9.316864223008462396e-05
9.083942617433250701e-05
1.001562903973409613e-04
9.316864223008462396e-05
9.316864223008462396e-05
8.385177800707615614e-05
8.851021011858039005e-05
9.549785828583674092e-05
1.048147225088451952e-04
4.891353717079442893e-05
1.024855064530930782e-04
9.316864223008462396e-05
9.083942617433250701e-05
1.071439385645973121e-04
1.094731546203494291e-04
6.987648167256346797e-05
8.385177800707615614e-05
9.782707434158885787e-05
7.453491378406770188e-05
9.083942617433250701e-05
1.071439385645973121e-04
8.152256195132403919e-05
9.549785828583674092e-05
9.549785828583674092e-05
1.024855064530930782e-04
1.141315867318536630e-04
8.618099406282827310e-05
9.083942617433250701e-05
7.919334589557192224e-05
8.618099406282827310e-05
7.686412983981980528e-05
1.048147225088451952e-04
8.851021011858039005e-05
8.385177800707615614e-05
1.118023706761015460e-04
9.316864223008462396e-05
9.316864223008462396e-05
9.083942617433250701e-05
7.220569772831558493e-05
1.001562903973409613e-04
8.618099406282827310e-05
9.083942617433250701e-05
1.211192348991100003e-04
8.618099406282827310e-05
6.987648167256346797e-05
1.001562903973409613e-04
8.851021011858039005e-05
9.549785828583674092e-05
8.851021011858039005e-05
1.071439385645973121e-04
9.083942617433250701e-05
7.220569772831558493e-05
9.782707434158885787e-05
8.851021011858039005e-05
8.152256195132403919e-05
7.686412983981980528e-05
9.083942617433250701e-05
6.987648167256346797e-05
1.001562903973409613e-04
8.618099406282827310e-05
1.234484509548621173e-04
1.094731546203494291e-04
8.385177800707615614e-05
1.001562903973409613e-04
6.521804956105923406e-05
8.385177800707615614e-05
9.316864223008462396e-05
1.094731546203494291e-04
1.118023706761015460e-04
1.118023706761015460e-04
9.782707434158885787e-05
1.211192348991100003e-04
1.001562903973409613e-04
9.782707434158885787e-05
9.782707434158885787e-05
9.549785828583674092e-05
1.071439385645973121e-04
9.083942617433250701e-05
7.220569772831558493e-05
1.024855064530930782e-04
1.001562903973409613e-04
8.618099406282827310e-05
7.919334589557192224e-05
7.919334589557192224e-05
5.823040139380288998e-05
9.083942617433250701e-05
8.618099406282827310e-05
1.094731546203494291e-04
9.316864223008462396e-05
7.220569772831558493e-05
8.152256195132403919e-05
1.187900188433578969e-04
1.048147225088451952e-04
1.001562903973409613e-04
9.782707434158885787e-05
8.618099406282827310e-05
7.686412983981980528e-05
8.851021011858039005e-05
9.316864223008462396e-05
9.083942617433250701e-05
1.001562903973409613e-04
9.316864223008462396e-05
9.316864223008462396e-05
6.987648167256346797e-05
1.001562903973409613e-04
8.618099406282827310e-05
9.782707434158885787e-05
9.782707434158885787e-05
7.220569772831558493e-05
9.083942617433250701e-05
8.618099406282827310e-05
9.316864223008462396e-05
1.187900188433578969e-04
1.024855064530930782e-04
8.618099406282827310e-05
7.919334589557192224e-05
9.316864223008462396e-05
1.024855064530930782e-04
7.220569772831558493e-05
1.001562903973409613e-04
8.385177800707615614e-05
1.141315867318536630e-04
6.987648167256346797e-05
7.919334589557192224e-05
8.152256195132403919e-05
1.094731546203494291e-04
7.453491378406770188e-05
7.919334589557192224e-05
9.083942617433250701e-05
7.919334589557192224e-05
7.220569772831558493e-05
7.919334589557192224e-05
8.152256195132403919e-05
7.919334589557192224e-05
9.549785828583674092e-05
9.549785828583674092e-05
9.316864223008462396e-05
8.851021011858039005e-05
8.152256195132403919e-05
9.083942617433250701e-05
5.357196928229865607e-05
7.919334589557192224e-05
9.782707434158885787e-05
7.686412983981980528e-05
5.823040139380288998e-05
8.385177800707615614e-05
8.851021011858039005e-05
7.919334589557192224e-05
7.919334589557192224e-05
8.618099406282827310e-05
8.851021011858039005e-05
7.686412983981980528e-05
6.055961744955500015e-05
7.453491378406770188e-05
7.919334589557192224e-05
8.385177800707615614e-05
8.152256195132403919e-05
7.220569772831558493e-05
7.919334589557192224e-05
7.919334589557192224e-05
6.987648167256346797e-05
7.919334589557192224e-05
8.385177800707615614e-05
8.385177800707615614e-05
8.618099406282827310e-05
9.782707434158885787e-05
8.152256195132403919e-05
8.851021011858039005e-05
8.385177800707615614e-05
1.024855064530930782e-04
6.987648167256346797e-05
8.152256195132403919e-05
8.851021011858039005e-05
7.453491378406770188e-05
6.288883350530711711e-05
8.385177800707615614e-05
9.083942617433250701e-05
6.987648167256346797e-05
7.919334589557192224e-05
6.055961744955500015e-05
9.782707434158885787e-05
9.316864223008462396e-05
7.919334589557192224e-05
9.083942617433250701e-05
7.220569772831558493e-05
7.453491378406770188e-05
1.118023706761015460e-04
8.385177800707615614e-05
7.453491378406770188e-05
8.385177800707615614e-05
8.851021011858039005e-05
7.220569772831558493e-05
6.055961744955500015e-05
8.152256195132403919e-05
9.083942617433250701e-05
6.521804956105923406e-05
1.141315867318536630e-04
7.453491378406770188e-05
9.083942617433250701e-05
8.851021011858039005e-05
9.549785828583674092e-05
8.152256195132403919e-05
1.001562903973409613e-04
4.658432111504231198e-05
7.919334589557192224e-05
9.083942617433250701e-05
5.823040139380288998e-05
7.919334589557192224e-05
9.083942617433250701e-05
5.823040139380288998e-05
8.385177800707615614e-05
8.385177800707615614e-05
8.385177800707615614e-05
8.618099406282827310e-05
8.851021011858039005e-05
1.001562903973409613e-04
9.083942617433250701e-05
7.919334589557192224e-05
6.987648167256346797e-05
8.152256195132403919e-05
8.152256195132403919e-05
9.782707434158885787e-05
1.024855064530930782e-04
1.001562903973409613e-04
7.919334589557192224e-05
4.192588900353807807e-05
1.024855064530930782e-04
7.919334589557192224e-05
6.288883350530711711e-05
7.220569772831558493e-05
8.385177800707615614e-05
7.453491378406770188e-05
8.851021011858039005e-05
6.754726561681135102e-05
9.782707434158885787e-05
7.686412983981980528e-05
8.851021011858039005e-05
6.987648167256346797e-05
6.987648167256346797e-05
8.152256195132403919e-05
8.152256195132403919e-05
9.316864223008462396e-05
9.083942617433250701e-05
9.549785828583674092e-05
8.152256195132403919e-05
7.453491378406770188e-05
8.152256195132403919e-05
8.385177800707615614e-05
5.590118533805077302e-05
8.618099406282827310e-05
9.083942617433250701e-05
8.618099406282827310e-05
8.152256195132403919e-05
8.618099406282827310e-05
8.152256195132403919e-05
8.152256195132403919e-05
7.453491378406770188e-05
8.385177800707615614e-05
7.686412983981980528e-05
9.549785828583674092e-05
8.152256195132403919e-05
7.453491378406770188e-05
9.549785828583674092e-05
7.686412983981980528e-05
8.618099406282827310e-05
7.453491378406770188e-05
7.453491378406770188e-05
1.094731546203494291e-04
9.549785828583674092e-05
6.521804956105923406e-05
8.618099406282827310e-05
9.782707434158885787e-05
8.851021011858039005e-05
1.863372844601692547e-05
8.618099406282827310e-05
7.453491378406770188e-05
6.987648167256346797e-05
6.055961744955500015e-05
6.987648167256346797e-05
6.987648167256346797e-05
6.987648167256346797e-05
5.124275322654653911e-05
1.001562903973409613e-04
6.987648167256346797e-05
9.083942617433250701e-05
7.686412983981980528e-05
7.220569772831558493e-05
9.549785828583674092e-05
8.152256195132403919e-05
7.453491378406770188e-05
7.919334589557192224e-05
9.316864223008462396e-05
6.754726561681135102e-05
8.851021011858039005e-05
7.919334589557192224e-05
6.987648167256346628e-06
7.686412983981980528e-05
8.851021011858039005e-05
7.686412983981980528e-05
8.618099406282827310e-05
8.851021011858039005e-05
6.521804956105923406e-05
7.919334589557192224e-05
7.686412983981980528e-05
5.823040139380288998e-05
8.618099406282827310e-05
7.919334589557192224e-05
8.851021011858039005e-05
8.152256195132403919e-05
7.453491378406770188e-05
6.754726561681135102e-05
8.618099406282827310e-05
8.152256195132403919e-05
6.754726561681135102e-05
6.521804956105923406e-05
6.521804956105923406e-05
6.521804956105923406e-05
7.220569772831558493e-05
8.385177800707615614e-05
4.658432111504231198e-05
7.220569772831558493e-05
7.686412983981980528e-05
7.686412983981980528e-05
5.357196928229865607e-05
6.754726561681135102e-05
7.220569772831558493e-05
6.754726561681135102e-05
7.919334589557192224e-05
6.987648167256346797e-05
7.453491378406770188e-05
7.453491378406770188e-05
8.851021011858039005e-05
7.220569772831558493e-05
7.453491378406770188e-05
7.220569772831558493e-05
7.220569772831558493e-05
5.823040139380288998e-05
7.686412983981980528e-05
6.521804956105923406e-05
8.385177800707615614e-05
6.987648167256346797e-05
7.453491378406770188e-05
7.919334589557192224e-05
7.220569772831558493e-05
9.316864223008462396e-05
1.071439385645973121e-04
7.686412983981980528e-05
6.754726561681135102e-05
5.124275322654653911e-05
1.024855064530930782e-04
6.987648167256346797e-05
6.754726561681135102e-05
6.055961744955500015e-05
6.521804956105923406e-05
8.385177800707615614e-05
8.152256195132403919e-05
6.754726561681135102e-05
7.686412983981980528e-05
8.851021011858039005e-05
5.357196928229865607e-05
8.385177800707615614e-05
7.453491378406770188e-05
8.618099406282827310e-05
8.385177800707615614e-05
5.357196928229865607e-05
6.521804956105923406e-05
3.726745689203385094e-05
8.152256195132403919e-05
1.071439385645973121e-04
7.686412983981980528e-05
6.987648167256346797e-05
6.754726561681135102e-05
6.521804956105923406e-05
8.152256195132403919e-05
6.754726561681135102e-05
6.055961744955500015e-05
7.919334589557192224e-05
6.987648167256346797e-05
7.453491378406770188e-05
6.987648167256346797e-05
1.001562903973409613e-04
6.521804956105923406e-05
6.521804956105923406e-05
6.987648167256346797e-05
7.686412983981980528e-05
5.823040139380288998e-05
5.124275322654653911e-05
6.987648167256346797e-05
6.521804956105923406e-05
6.055961744955500015e-05
7.220569772831558493e-05
7.220569772831558493e-05
7.220569772831558493e-05
6.288883350530711711e-05
5.357196928229865607e-05
8.152256195132403919e-05
1.024855064530930782e-04
8.385177800707615614e-05
7.220569772831558493e-05
7.220569772831558493e-05
7.453491378406770188e-05
7.686412983981980528e-05
6.754726561681135102e-05
7.919334589557192224e-05
4.425510505929019503e-05
6.521804956105923406e-05
5.823040139380288998e-05
6.987648167256346797e-05
9.549785828583674092e-05
7.919334589557192224e-05
6.055961744955500015e-05
6.987648167256346797e-05
4.425510505929019503e-05
7.220569772831558493e-05
6.987648167256346797e-05
6.055961744955500015e-05
8.152256195132403919e-05
6.055961744955500015e-05
6.754726561681135102e-05
6.521804956105923406e-05
9.083942617433250701e-05
7.686412983981980528e-05
7.686412983981980528e-05
8.618099406282827310e-05
6.521804956105923406e-05
7.686412983981980528e-05
5.124275322654653911e-05
6.055961744955500015e-05
4.891353717079442893e-05
6.987648167256346797e-05
6.055961744955500015e-05
8.152256195132403919e-05
1.024855064530930782e-04
8.385177800707615614e-05
6.288883350530711711e-05
5.590118533805077302e-05
4.658432111504231198e-05
5.823040139380288998e-05
7.686412983981980528e-05
7.919334589557192224e-05
7.686412983981980528e-05
6.521804956105923406e-05
6.288883350530711711e-05
8.618099406282827310e-05
8.851021011858039005e-05
6.521804956105923406e-05
7.686412983981980528e-05
6.288883350530711711e-05
6.055961744955500015e-05
